/*--------------------------------*- C++ -*----------------------------------*\
| =========                 |                                                 |
| \\      /  F ield         | OpenFOAM: The Open Source CFD Toolbox           |
|  \\    /   O peration     | Version:  3.0.1                                 |
|   \\  /    A nd           | Web:      www.OpenFOAM.org                      |
|    \\/     M anipulation  |                                                 |
\*---------------------------------------------------------------------------*/
FoamFile
{
    version     2.0;
    format      binary;
    class       cellSet;
    location    "constant/polyMesh/sets";
    object      c0;
}
// * * * * * * * * * * * * * * * * * * * * * * * * * * * * * * * * * * * * * //


5835
(
50071 
50072 
50073 
50074 
50075 
50076 
50077 
50085 
50086 
50087 
50088 
50089 
50090 
50091 
50099 
50100 
50101 
50102 
50103 
50104 
50105 
50113 
50114 
50115 
50116 
50117 
50118 
50119 
50127 
50128 
50129 
50130 
50131 
50132 
50133 
50141 
50142 
50143 
50144 
50145 
50146 
50147 
50155 
50156 
50157 
50158 
50159 
50160 
50161 
50169 
50170 
50171 
50172 
50173 
50174 
50175 
50491 
50492 
50493 
50494 
50495 
50496 
50497 
50540 
50541 
50542 
50543 
50544 
50545 
50546 
50554 
50555 
50556 
50557 
50558 
50559 
50560 
50568 
50569 
50570 
50571 
50572 
50573 
50574 
50582 
50583 
50584 
50585 
50586 
50587 
50588 
50596 
50597 
50598 
50599 
50600 
50601 
50602 
50610 
50611 
50612 
50613 
50614 
50615 
50616 
50624 
50625 
50626 
50627 
50628 
50629 
50630 
50645 
50646 
50647 
50648 
50649 
50650 
50651 
50659 
50660 
50661 
50662 
50663 
50664 
50665 
50673 
50674 
50675 
50676 
50677 
50678 
50679 
50687 
50688 
50689 
50690 
50691 
50692 
50693 
50701 
50702 
50703 
50704 
50705 
50706 
50707 
50715 
50716 
50717 
50718 
50719 
50720 
50721 
50729 
50730 
50731 
50732 
50733 
50734 
50735 
50743 
50744 
50745 
50746 
50747 
50748 
50749 
51079 
51080 
51081 
51082 
51083 
51084 
51085 
51128 
51129 
51130 
51131 
51132 
51133 
51134 
51142 
51143 
51144 
51145 
51146 
51147 
51148 
51156 
51157 
51158 
51159 
51160 
51161 
51162 
51170 
51171 
51172 
51173 
51174 
51175 
51176 
51184 
51185 
51186 
51187 
51188 
51189 
51190 
51198 
51199 
51200 
51201 
51202 
51203 
51204 
51212 
51213 
51214 
51215 
51216 
51217 
51218 
51233 
51234 
51235 
51236 
51237 
51238 
51239 
51247 
51248 
51249 
51250 
51251 
51252 
51253 
51261 
51262 
51263 
51264 
51265 
51266 
51267 
51275 
51276 
51277 
51278 
51279 
51280 
51281 
51289 
51290 
51291 
51292 
51293 
51294 
51295 
51303 
51304 
51305 
51306 
51307 
51308 
51309 
51317 
51318 
51319 
51320 
51321 
51322 
51323 
51331 
51332 
51333 
51334 
51335 
51336 
51337 
51485 
51486 
51487 
51488 
51489 
51490 
51491 
51493 
51495 
51497 
51681 
51682 
51683 
51684 
51685 
51686 
51687 
68072 
68073 
68074 
68075 
68076 
68077 
68078 
68079 
68080 
68081 
68082 
68083 
68084 
68085 
68086 
68087 
68088 
68089 
68090 
68091 
68092 
68093 
68094 
68095 
68096 
68097 
68098 
68099 
68100 
68101 
68102 
68103 
68104 
68105 
68106 
68107 
68108 
68109 
68110 
68111 
68112 
68113 
68114 
51730 
68115 
51731 
68116 
51732 
68117 
51733 
68118 
51734 
68119 
51735 
68120 
51736 
68121 
68122 
68123 
68124 
68125 
68126 
68127 
68128 
51744 
68129 
51745 
68130 
51746 
68131 
51747 
68132 
51748 
68133 
51749 
68134 
51750 
68135 
68136 
68137 
68138 
68139 
68140 
68141 
68142 
51758 
68143 
51759 
68144 
51760 
68145 
51761 
68146 
51762 
68147 
51763 
68148 
51764 
68149 
68150 
68151 
68152 
68153 
68154 
68155 
68156 
51772 
68157 
51773 
68158 
51774 
68159 
51775 
68160 
51776 
68161 
51777 
68162 
51778 
68163 
68164 
68165 
68166 
68167 
68168 
68169 
68170 
51786 
68171 
51787 
68172 
51788 
68173 
51789 
68174 
51790 
68175 
51791 
68176 
51792 
68177 
68178 
68179 
68180 
68181 
68182 
68183 
68184 
51800 
68185 
51801 
68186 
51802 
68187 
51803 
68188 
51804 
68189 
51805 
68190 
51806 
68191 
68192 
68193 
68194 
68195 
68196 
68197 
68198 
51814 
68199 
51815 
68200 
51816 
68201 
51817 
68202 
51818 
68203 
51819 
68204 
51820 
68205 
68206 
68207 
68208 
68209 
68210 
68211 
68212 
68213 
68214 
68215 
68216 
68217 
68218 
68219 
68220 
68221 
68222 
68223 
68224 
68225 
68226 
68227 
68228 
68229 
68230 
68231 
68232 
68233 
68234 
68235 
68236 
68237 
68238 
68239 
68240 
68241 
68242 
68243 
68244 
68245 
68246 
68247 
68248 
68249 
68250 
68251 
68252 
68253 
68254 
68255 
68256 
68257 
68258 
68259 
68260 
68261 
2725 
68262 
2726 
68263 
2727 
68264 
2728 
68265 
2729 
68266 
2730 
68267 
2731 
68268 
2732 
68269 
2733 
68270 
2734 
68271 
2735 
68272 
2736 
68273 
2737 
68274 
2738 
68275 
2739 
68276 
2740 
68277 
2741 
68278 
2742 
68279 
2743 
68280 
2744 
68281 
2745 
68282 
2746 
68283 
2747 
68284 
2748 
68285 
2749 
68286 
2750 
68287 
2751 
68288 
2752 
68289 
2753 
68290 
68291 
68292 
68293 
68294 
68295 
68296 
68297 
68298 
68299 
68300 
68301 
68302 
68303 
68304 
68305 
68306 
68307 
68308 
68309 
68310 
68311 
68312 
68313 
68314 
2779 
68315 
2780 
68316 
2781 
68317 
2782 
68318 
2783 
68319 
2784 
68320 
2785 
68321 
2786 
68322 
2787 
68323 
2788 
68324 
2789 
68325 
2790 
68326 
2791 
68327 
2792 
68328 
2793 
68329 
2794 
68330 
2795 
68331 
2796 
68332 
2797 
68333 
2798 
68334 
2799 
68335 
2800 
68336 
2801 
68337 
2802 
68338 
2803 
68339 
2804 
68340 
2805 
68341 
2806 
68342 
2807 
68343 
68344 
68345 
68346 
68347 
68348 
68349 
68350 
68351 
68352 
68353 
68354 
68355 
68356 
68357 
68358 
68359 
68360 
68361 
68362 
68363 
68364 
68365 
68366 
68367 
68368 
2833 
68369 
2834 
68370 
2835 
68371 
2836 
68372 
2837 
68373 
2838 
68374 
2839 
68375 
2840 
68376 
2841 
68377 
2842 
68378 
2843 
68379 
2844 
68380 
2845 
68381 
2846 
68382 
2847 
68383 
2848 
68384 
2849 
68385 
2850 
68386 
2851 
68387 
2852 
68388 
2853 
68389 
2854 
68390 
2855 
68391 
2856 
68392 
2857 
68393 
2858 
68394 
2859 
68395 
2860 
68396 
2861 
68397 
68398 
68399 
68400 
68401 
68402 
68403 
68404 
68405 
68406 
68407 
68408 
68409 
68410 
68411 
68412 
68413 
68414 
68415 
68416 
68417 
68418 
68419 
68420 
68421 
68422 
2887 
68423 
2888 
68424 
2889 
68425 
2890 
68426 
2891 
68427 
2892 
68428 
2893 
68429 
2894 
68430 
2895 
68431 
2896 
68432 
2897 
68433 
2898 
68434 
2899 
68435 
2900 
68436 
2901 
68437 
2902 
68438 
2903 
68439 
2904 
68440 
2905 
68441 
2906 
68442 
2907 
68443 
2908 
68444 
2909 
68445 
2910 
68446 
2911 
68447 
2912 
68448 
2913 
68449 
2914 
68450 
2915 
68451 
68452 
68453 
68454 
68455 
68456 
68457 
68458 
68459 
68460 
68461 
68462 
68463 
68464 
68465 
68466 
68467 
68468 
68469 
68470 
68471 
68472 
68473 
68474 
68475 
68476 
2941 
68477 
2942 
68478 
2943 
68479 
2944 
68480 
2945 
68481 
2946 
68482 
2947 
68483 
2948 
68484 
2949 
68485 
2950 
68486 
2951 
68487 
2952 
68488 
2953 
68489 
2954 
68490 
2955 
68491 
2956 
68492 
2957 
68493 
2958 
68494 
2959 
68495 
2960 
68496 
2961 
68497 
2962 
68498 
2963 
68499 
2964 
68500 
2965 
68501 
2966 
68502 
68503 
2967 
68504 
2968 
68505 
2969 
68506 
68507 
68508 
68509 
68510 
68511 
68512 
68513 
68514 
68515 
68516 
68517 
68518 
68519 
68520 
68521 
68522 
68523 
68524 
68525 
68526 
68527 
68528 
68529 
68530 
68531 
2995 
68532 
2996 
68533 
2997 
68534 
2998 
68535 
2999 
68536 
3000 
68537 
3001 
68538 
3002 
68539 
3003 
68540 
3004 
68541 
3005 
68542 
3006 
68543 
3007 
68544 
3008 
68545 
3009 
68546 
3010 
68547 
3011 
68548 
3012 
68549 
3013 
68550 
3014 
68551 
3015 
68552 
3016 
68553 
3017 
68554 
3018 
68555 
3019 
68556 
3020 
68557 
3021 
68558 
3022 
68559 
3023 
68560 
68561 
68562 
68563 
68564 
68565 
68566 
68567 
68568 
68569 
68570 
68571 
68572 
68573 
68574 
68575 
68576 
68577 
68578 
68579 
68580 
68581 
68582 
68583 
68584 
68585 
3049 
68586 
3050 
68587 
3051 
68588 
3052 
68589 
3053 
68590 
3054 
68591 
3055 
68592 
3056 
68593 
3057 
68594 
3058 
68595 
3059 
68596 
3060 
68597 
3061 
68598 
3062 
68599 
3063 
68600 
3064 
68601 
3065 
68602 
3066 
68603 
3067 
68604 
3068 
68605 
3069 
68606 
3070 
68607 
3071 
68608 
3072 
68609 
3073 
68610 
3074 
68611 
3075 
68612 
3076 
68613 
3077 
68614 
68615 
35847 
68616 
35848 
68617 
35849 
68618 
35850 
68619 
35851 
68620 
35852 
68621 
35853 
68622 
35854 
68623 
35855 
68624 
35856 
68625 
35857 
68626 
35858 
68627 
35859 
68628 
35860 
68629 
68630 
68631 
68632 
68633 
68634 
68635 
68636 
68637 
68638 
68639 
3103 
68640 
3104 
68641 
3105 
68642 
3106 
68643 
3107 
68644 
3108 
68645 
3109 
68646 
3110 
68647 
3111 
68648 
3112 
68649 
3113 
68650 
3114 
68651 
3115 
68652 
3116 
68653 
3117 
68654 
3118 
68655 
3119 
68656 
3120 
68657 
3121 
68658 
3122 
68659 
3123 
68660 
3124 
68661 
3125 
68662 
3126 
68663 
3127 
68664 
3128 
68665 
3129 
68666 
3130 
68667 
3131 
68668 
68669 
68670 
68671 
35903 
68672 
35904 
68673 
35905 
68674 
35906 
68675 
35907 
68676 
35908 
68677 
35909 
68678 
68679 
68680 
68681 
68682 
68683 
68684 
68685 
68686 
68687 
68688 
68689 
68690 
68691 
68692 
68693 
68694 
68695 
68696 
68697 
68698 
3162 
68699 
3163 
68700 
3164 
68701 
3165 
68702 
3166 
68703 
3167 
68704 
3168 
68705 
3169 
68706 
3170 
68707 
3171 
68708 
3172 
68709 
3173 
68710 
3174 
68711 
3175 
68712 
3176 
68713 
3177 
68714 
3178 
68715 
3179 
68716 
3180 
68717 
3181 
68718 
3182 
68719 
3183 
68720 
3184 
68721 
3185 
68722 
68723 
68724 
68725 
68726 
35966 
35967 
35968 
35969 
35970 
35971 
35972 
3216 
3217 
3218 
3219 
3220 
3221 
3222 
3223 
3224 
3225 
3226 
3227 
3228 
3229 
3230 
3231 
3232 
3233 
3234 
3235 
3236 
3237 
3238 
3239 
36029 
36030 
36031 
36032 
36033 
36034 
36035 
3270 
3271 
3272 
3273 
3274 
3275 
3276 
3277 
3278 
3279 
3280 
3281 
3282 
3283 
3284 
3285 
3286 
3287 
3288 
3289 
3290 
3291 
3292 
3293 
36092 
3324 
36093 
3325 
36094 
3326 
36095 
3327 
36096 
3328 
36097 
3329 
36098 
3330 
3331 
3332 
3333 
3334 
3335 
3336 
3337 
3338 
3339 
3340 
3341 
3342 
3343 
3344 
3345 
3346 
3347 
3378 
3379 
3380 
3381 
3382 
3383 
3384 
3385 
3386 
3387 
3388 
3389 
3390 
3391 
3392 
3393 
3394 
3395 
3396 
3397 
3398 
3399 
3400 
36169 
3401 
36170 
36171 
36172 
36173 
36174 
36175 
3432 
3433 
3434 
3435 
3436 
3437 
3438 
3439 
3440 
3441 
3442 
3443 
3444 
3445 
3446 
3447 
3448 
3449 
3450 
3451 
3452 
3453 
3454 
3455 
3486 
3487 
3488 
3489 
3490 
3491 
3492 
3493 
3494 
3495 
3496 
3497 
3498 
3499 
3500 
3501 
3502 
3503 
3504 
3505 
3506 
3507 
3508 
3509 
3540 
3541 
3542 
3543 
3544 
3545 
3546 
3547 
3548 
3549 
3550 
3551 
3552 
3553 
3554 
3555 
3556 
3557 
3558 
3559 
3560 
3561 
3562 
3563 
36344 
36345 
36346 
36347 
36348 
36349 
36350 
3594 
3595 
3596 
3597 
3598 
3599 
3600 
3601 
3602 
3603 
3604 
3605 
3606 
3607 
3608 
3609 
3610 
3611 
3612 
3613 
3614 
3615 
3616 
3617 
3643 
3644 
3645 
3646 
36414 
3647 
36415 
3648 
36416 
3649 
36417 
3650 
36418 
3651 
36419 
3652 
36420 
3653 
3654 
3655 
3656 
3657 
3658 
3659 
3660 
3661 
3662 
3663 
3664 
3665 
3666 
3667 
3668 
3669 
3670 
3671 
3697 
3698 
3699 
3700 
3701 
3702 
3703 
3704 
3705 
3706 
3707 
3708 
3709 
3710 
3711 
3712 
3713 
3714 
3715 
3716 
3717 
3718 
3719 
3720 
3721 
3722 
3723 
3724 
3725 
3751 
3752 
3753 
3754 
3755 
3756 
3757 
3758 
3759 
3760 
3761 
3762 
3763 
3764 
3765 
3766 
3767 
3768 
3769 
3770 
3771 
3772 
3773 
3774 
3775 
3776 
3777 
3778 
3779 
3805 
3806 
3807 
3808 
3809 
3810 
3811 
3812 
3813 
3814 
3815 
3816 
3817 
3818 
3819 
3820 
3821 
36589 
3822 
36590 
3823 
36591 
3824 
36592 
3825 
36593 
3826 
36594 
3827 
36595 
3828 
3829 
3830 
3831 
3832 
3833 
3859 
3860 
3861 
3862 
3863 
3864 
3865 
3866 
3867 
3868 
3869 
3870 
3871 
3872 
3873 
3874 
3875 
3876 
3877 
3878 
3879 
3880 
3881 
3882 
3883 
3884 
3885 
3886 
3887 
36659 
36660 
36661 
36662 
36663 
36664 
36665 
3913 
3914 
3915 
3916 
3917 
3918 
3919 
3920 
3921 
3922 
3923 
3924 
3925 
3926 
3927 
3928 
3929 
3930 
3931 
3932 
3933 
3934 
3935 
3936 
3937 
3938 
3939 
3940 
3941 
3967 
3968 
3969 
3970 
3971 
3972 
3973 
3974 
3975 
3976 
3977 
3978 
3979 
3980 
3981 
3982 
3983 
3984 
3985 
3986 
3987 
3988 
3989 
3990 
3991 
3992 
3993 
3994 
3995 
4021 
4022 
4023 
4024 
4025 
4026 
4027 
4028 
4029 
4030 
4031 
4032 
4033 
4034 
4035 
4036 
4037 
4038 
4039 
4040 
4041 
4042 
4043 
4044 
4045 
4046 
4047 
4048 
4049 
69957 
69958 
69959 
69960 
69961 
69962 
69963 
69964 
69965 
69966 
69967 
69968 
69969 
69970 
69971 
69972 
69973 
69974 
69975 
69976 
69977 
20826 
69978 
69979 
20828 
69980 
69981 
20830 
69982 
69983 
69984 
69985 
69986 
69987 
69988 
69989 
69990 
69991 
20840 
69992 
69993 
20842 
69994 
69995 
20844 
69996 
69997 
69998 
69999 
70000 
70001 
70002 
70003 
70004 
70005 
20854 
70006 
70007 
20856 
70008 
70009 
20858 
70010 
70011 
70012 
70013 
70014 
70015 
70016 
70017 
70018 
70019 
20868 
70020 
70021 
20870 
70022 
70023 
20872 
70024 
70025 
70026 
70027 
70028 
70029 
70030 
70031 
70032 
70033 
20882 
70034 
70035 
20884 
70036 
70037 
20886 
70038 
70039 
70040 
70041 
70042 
70043 
70044 
70045 
70046 
70047 
70048 
70049 
20898 
70050 
70051 
70052 
70053 
70054 
70055 
70056 
70057 
70058 
70059 
70060 
70061 
70062 
70063 
70064 
70065 
70066 
70067 
70068 
70069 
70070 
70071 
70072 
70073 
70074 
70075 
70076 
70077 
70078 
70079 
70080 
70081 
70082 
70083 
70084 
70085 
70086 
70087 
20936 
70088 
70089 
20938 
70090 
70091 
20940 
70092 
70093 
70094 
70095 
70096 
70097 
70098 
70099 
70100 
70101 
70102 
70103 
20952 
70104 
70105 
70106 
70107 
70108 
70109 
70110 
70111 
70112 
70113 
70114 
70115 
70116 
70117 
70118 
70119 
70120 
70121 
70122 
70123 
70124 
70125 
70126 
70127 
70128 
70129 
70130 
70131 
70132 
70133 
70134 
70135 
70136 
70137 
70138 
70139 
70140 
70141 
20990 
70142 
70143 
20992 
70144 
70145 
20994 
70146 
70147 
70148 
70149 
70150 
70151 
70152 
70153 
70154 
70155 
70156 
70157 
21006 
70158 
70159 
70160 
70161 
70162 
70163 
70164 
70165 
70166 
70167 
70168 
70169 
70170 
70171 
70172 
70173 
70174 
70175 
70176 
70177 
70178 
70179 
70180 
70181 
70182 
70183 
70184 
70185 
70186 
70187 
70188 
70189 
70190 
70191 
70192 
70193 
70194 
70195 
70196 
70197 
70198 
70199 
70200 
70201 
70202 
70203 
70204 
70205 
70206 
70207 
70208 
70209 
70210 
70211 
70212 
70213 
70214 
70215 
70216 
70217 
70218 
70219 
70220 
70221 
70222 
70223 
70224 
70225 
70226 
70227 
70228 
70229 
70230 
70231 
70232 
70233 
70234 
70235 
70236 
70237 
70238 
70239 
70240 
70241 
70242 
70243 
70244 
70245 
70246 
70247 
70248 
70249 
70250 
70251 
70252 
70253 
70254 
70255 
70256 
70257 
70258 
70259 
70260 
70261 
70262 
70263 
70264 
70265 
70266 
70267 
70268 
70269 
70270 
70271 
70272 
70273 
70274 
70275 
70276 
70277 
70278 
70279 
70280 
70281 
70282 
70283 
70284 
70285 
70286 
70287 
70288 
70289 
70290 
70291 
70292 
70293 
70294 
70295 
70296 
70297 
70298 
70299 
70300 
70301 
70302 
70303 
70304 
70305 
70306 
70307 
70308 
70309 
70310 
70311 
70312 
70313 
70314 
70315 
70316 
70317 
70318 
70319 
70320 
70321 
70322 
70323 
70324 
70325 
70326 
70327 
70328 
70329 
70330 
70331 
70332 
70333 
70334 
70335 
70336 
70337 
70338 
70339 
70340 
70341 
70342 
70343 
70344 
70345 
70346 
70347 
70348 
70349 
70350 
70351 
70352 
70353 
70354 
70355 
70356 
70357 
70358 
70359 
70360 
70361 
70362 
70363 
70364 
70365 
70366 
70367 
70368 
70369 
70370 
70371 
70372 
70373 
70374 
70375 
70376 
70377 
70378 
70379 
70380 
70381 
70382 
70383 
70384 
70385 
70386 
70387 
70388 
70389 
70390 
70391 
70392 
70393 
70394 
70395 
70396 
70397 
70398 
70399 
70400 
70401 
70402 
70403 
70404 
70405 
70406 
70407 
70408 
70409 
70410 
70411 
70412 
70413 
70414 
70415 
70416 
70417 
70418 
70419 
70420 
70421 
70422 
70423 
70424 
70425 
70426 
70427 
70428 
70429 
70430 
70431 
70432 
70433 
70434 
70435 
70436 
70437 
70438 
70439 
70440 
70441 
70442 
70443 
70444 
70445 
70446 
70447 
70448 
70449 
70450 
70451 
70452 
70453 
70454 
70455 
70456 
70457 
70458 
70459 
70460 
70461 
70462 
70463 
70464 
70465 
70466 
70467 
70468 
70469 
70470 
70471 
70472 
70473 
70474 
70475 
70476 
70477 
70478 
70479 
70480 
70481 
70482 
70483 
70484 
70485 
70486 
70487 
70488 
70489 
70490 
70491 
70492 
70493 
70494 
70495 
70496 
70497 
70498 
70499 
70500 
70501 
70502 
70503 
70504 
70505 
70506 
70507 
70508 
70509 
70510 
70511 
70512 
70513 
70514 
70515 
70516 
70517 
70518 
70519 
70520 
70521 
70522 
70523 
70524 
70525 
70526 
70527 
70528 
70529 
70530 
70531 
70532 
70533 
70534 
70535 
70536 
70537 
70538 
70539 
70540 
70541 
70542 
70543 
70544 
70545 
70546 
70547 
70548 
70549 
70550 
70551 
70552 
70553 
70554 
70555 
70556 
70557 
70558 
70559 
70560 
70561 
70562 
70563 
70564 
70565 
70566 
70567 
70568 
70569 
70570 
70571 
70572 
70573 
70574 
70575 
70576 
70577 
70578 
70579 
70580 
70581 
70582 
70583 
70584 
70585 
70586 
70587 
70588 
70589 
70590 
70591 
70592 
70593 
70594 
70595 
70596 
70597 
70598 
70599 
70600 
70601 
70602 
70603 
70604 
70605 
70606 
70607 
70608 
70609 
70610 
70611 
70612 
70613 
70614 
70615 
70616 
70617 
70618 
70619 
70620 
70621 
70622 
70623 
70624 
70625 
70626 
70627 
70628 
70629 
70630 
70631 
70632 
70633 
70634 
70635 
70636 
70637 
70638 
70639 
70640 
70641 
70642 
70643 
70644 
70645 
70646 
70647 
70648 
70649 
70650 
70651 
70652 
70653 
70654 
70655 
70656 
70657 
70658 
70659 
70660 
70661 
70662 
70663 
70664 
70665 
70666 
70667 
70668 
70669 
70670 
70671 
70672 
70673 
70674 
70675 
70676 
70677 
70678 
70679 
70680 
21529 
70681 
70682 
70683 
70684 
21533 
70685 
70686 
70687 
70688 
70689 
70690 
70691 
70692 
70693 
70694 
70695 
70696 
70697 
70698 
70699 
70700 
70701 
70702 
70703 
70704 
70705 
70706 
70707 
70708 
70709 
70710 
70711 
70712 
70713 
70714 
70715 
70716 
70717 
70718 
70719 
70720 
70721 
70722 
70723 
70724 
70725 
70726 
70727 
70728 
70729 
70730 
70731 
21580 
70732 
70733 
70734 
70735 
21584 
70736 
70737 
70738 
70739 
70740 
70741 
70742 
70743 
70744 
70745 
21594 
70746 
70747 
21596 
70748 
70749 
21598 
70750 
70751 
70752 
70753 
70754 
70755 
70756 
70757 
70758 
70759 
70760 
70761 
70762 
70763 
70764 
70765 
70766 
70767 
70768 
70769 
21617 
70770 
70771 
70772 
70773 
21621 
70774 
70775 
70776 
70777 
70778 
70779 
70780 
70781 
70782 
70783 
21631 
70784 
70785 
21633 
70786 
70787 
21635 
70788 
70789 
70790 
70791 
70792 
70793 
70794 
70795 
70796 
70797 
70798 
70799 
70800 
70801 
70802 
70803 
70804 
70805 
70806 
70807 
70808 
70809 
70810 
70811 
70812 
70813 
70814 
70815 
70816 
70817 
70818 
70819 
70820 
70821 
70822 
70823 
70824 
70825 
70826 
70827 
70828 
70829 
70830 
70831 
70832 
70833 
70834 
70835 
70836 
70837 
70838 
70839 
70840 
70841 
70842 
70843 
70844 
70845 
70846 
70847 
70848 
70849 
70850 
70851 
70852 
70853 
70854 
70855 
70856 
70857 
70858 
70859 
70860 
70861 
70862 
70863 
70864 
70865 
70866 
70867 
70868 
70869 
70870 
70871 
70872 
70873 
70874 
70875 
70876 
70877 
70878 
70879 
70880 
70881 
70882 
70883 
70884 
70885 
70886 
70887 
70888 
70889 
70890 
70891 
70892 
70893 
70894 
70895 
70896 
70897 
70898 
70899 
70900 
70901 
70902 
70903 
70904 
70905 
70906 
70907 
70908 
70909 
70910 
70911 
70912 
70913 
70914 
70915 
70916 
70917 
70918 
70919 
70920 
70921 
70922 
70923 
70924 
70925 
70926 
70927 
70928 
70929 
70930 
70931 
70932 
70933 
70934 
70935 
70936 
70937 
70938 
38171 
70939 
38172 
70940 
38173 
70941 
38174 
70942 
38175 
70943 
38176 
70944 
38177 
70945 
70946 
70947 
70948 
70949 
70950 
70951 
70952 
70953 
70954 
70955 
70956 
70957 
70958 
70959 
38192 
70960 
38193 
70961 
38194 
70962 
38195 
70963 
38196 
70964 
38197 
70965 
38198 
70966 
70967 
70968 
70969 
70970 
70971 
70972 
70973 
38206 
70974 
38207 
70975 
38208 
70976 
38209 
70977 
38210 
70978 
38211 
70979 
38212 
70980 
70981 
70982 
70983 
70984 
70985 
70986 
70987 
70988 
70989 
70990 
70991 
70992 
70993 
70994 
38227 
70995 
38228 
70996 
38229 
70997 
38230 
70998 
38231 
70999 
38232 
71000 
38233 
71001 
71002 
71003 
71004 
71005 
71006 
71007 
71008 
38241 
71009 
38242 
71010 
38243 
71011 
38244 
71012 
38245 
71013 
38246 
71014 
38247 
71015 
71016 
71017 
71018 
71019 
71020 
71021 
71022 
71023 
71024 
71025 
71026 
71027 
71028 
71029 
71030 
71031 
71032 
71033 
71034 
71035 
71036 
71037 
71038 
71039 
71040 
71041 
71042 
71043 
71044 
71045 
71046 
71047 
71048 
71049 
71050 
71051 
71052 
71053 
71054 
71055 
71056 
71057 
71058 
71059 
71060 
71061 
71062 
71063 
71064 
71065 
71066 
71067 
71068 
71069 
71070 
71071 
71072 
71073 
71074 
71075 
71076 
71077 
71078 
71079 
71080 
71081 
71082 
71083 
71084 
71085 
71086 
71087 
71088 
71089 
71090 
71091 
71092 
38325 
71093 
38326 
71094 
38327 
71095 
38328 
71096 
38329 
71097 
38330 
71098 
38331 
71099 
71100 
71101 
71102 
71103 
71104 
71105 
71106 
71107 
71108 
71109 
71110 
71111 
71112 
71113 
38346 
71114 
38347 
71115 
38348 
71116 
38349 
71117 
38350 
71118 
38351 
71119 
38352 
71120 
71121 
71122 
71123 
71124 
71125 
71126 
71127 
38360 
71128 
38361 
71129 
38362 
71130 
38363 
71131 
38364 
71132 
38365 
71133 
38366 
71134 
71135 
71136 
71137 
71138 
71139 
71140 
71141 
71142 
71143 
71144 
71145 
71146 
71147 
71148 
71149 
71150 
71151 
71152 
71153 
71154 
71155 
71156 
71157 
71158 
71159 
71160 
71161 
71162 
71163 
71164 
71165 
71166 
71167 
71168 
71169 
71170 
71171 
71172 
71173 
71174 
71175 
71176 
71177 
71178 
71179 
71180 
71181 
71182 
71183 
71184 
71185 
71186 
71187 
71188 
71189 
71190 
71191 
71192 
71193 
71194 
71195 
71196 
71197 
71198 
71199 
71200 
71201 
71202 
71203 
71204 
71205 
71206 
71207 
71208 
71209 
71210 
71211 
71212 
71213 
71214 
71215 
71216 
71217 
71218 
71219 
71220 
71221 
71222 
71223 
71224 
71225 
71226 
71227 
71228 
71229 
71230 
71231 
71232 
71233 
71234 
71235 
71236 
71237 
71238 
71239 
71240 
71241 
71242 
71243 
71244 
71245 
71246 
71247 
71248 
71249 
71250 
71251 
71252 
71253 
71254 
71255 
71256 
71257 
71258 
71259 
71260 
71261 
71262 
71263 
71264 
71265 
71266 
71267 
71268 
71269 
71270 
71271 
71272 
71273 
71274 
71275 
71276 
71277 
71278 
71279 
71280 
71281 
71282 
71283 
71284 
71285 
71286 
71287 
71288 
71289 
71290 
71291 
71292 
71293 
71294 
71295 
71296 
71297 
71298 
71299 
71300 
71301 
71302 
71303 
71304 
71305 
71306 
71307 
71308 
71309 
71310 
71311 
71312 
71313 
71314 
71315 
71316 
71317 
71318 
71319 
71320 
71321 
71322 
71323 
71324 
71325 
71326 
71327 
71328 
71329 
71330 
71331 
71332 
71333 
71334 
71335 
71336 
71337 
71338 
71339 
71340 
71341 
71342 
71343 
71344 
71345 
71346 
71347 
71348 
71349 
71350 
71351 
71352 
71353 
71354 
71355 
71356 
71357 
71358 
71359 
71360 
71361 
71362 
71363 
71364 
71365 
71366 
71367 
71368 
71369 
71370 
71371 
71372 
71373 
71374 
71375 
71376 
71377 
71378 
71379 
71380 
71381 
71382 
71383 
71384 
71385 
71386 
71387 
71388 
71389 
71390 
71391 
71392 
71393 
71394 
71395 
71396 
71397 
71398 
71399 
71400 
71401 
71402 
71403 
71404 
71405 
71406 
71407 
71408 
71409 
71410 
71411 
71412 
71413 
71414 
71415 
71416 
71417 
71418 
71419 
71420 
71421 
71422 
71423 
71424 
71425 
71426 
71427 
71428 
71429 
71430 
71431 
71432 
71433 
71434 
71435 
71436 
71437 
71438 
71439 
71440 
71441 
71442 
71443 
71444 
71445 
71446 
71447 
71448 
71449 
71450 
71451 
71452 
71453 
71454 
71455 
71456 
71457 
71458 
71459 
71460 
71461 
71462 
71463 
71464 
71465 
71466 
71467 
71468 
71469 
71470 
71471 
71472 
71473 
71474 
71475 
71476 
71477 
71478 
71479 
71480 
71481 
71482 
71483 
71484 
71485 
71486 
71487 
71488 
71489 
71490 
71491 
71492 
71493 
71494 
71495 
71496 
71497 
71498 
71499 
71500 
71501 
71502 
71503 
71504 
71505 
71506 
71507 
71508 
71509 
71510 
71511 
71512 
71513 
71514 
71515 
71516 
71517 
71518 
71519 
71520 
71521 
71522 
71523 
71524 
71525 
71526 
71527 
71528 
71529 
71530 
71531 
71532 
71533 
71534 
71535 
71536 
71537 
71538 
71539 
71540 
71541 
71542 
71543 
71544 
71545 
71546 
71547 
71548 
71549 
71550 
71551 
71552 
71553 
71554 
71555 
71556 
71557 
71558 
71559 
71560 
71561 
71562 
71563 
71564 
71565 
71566 
71567 
71568 
71569 
71570 
71571 
71572 
71573 
71574 
71575 
71576 
71577 
71578 
71579 
71580 
71581 
71582 
71583 
71584 
71585 
71586 
71587 
71588 
71589 
71590 
71591 
71592 
71593 
71594 
71595 
71596 
71597 
71598 
71599 
71600 
71601 
71602 
71603 
71604 
71605 
71606 
71607 
71608 
71609 
71610 
71611 
71612 
71613 
71614 
71615 
71616 
71617 
71618 
71619 
71620 
71621 
71622 
71623 
71624 
71625 
71626 
71627 
71628 
71629 
71630 
71631 
71632 
71633 
71634 
71635 
71636 
71637 
71638 
71639 
71640 
71641 
71642 
71643 
71644 
71645 
71646 
71647 
71648 
71649 
71650 
71651 
71652 
71653 
71654 
71655 
71656 
71657 
71658 
71659 
71660 
71661 
71662 
71663 
71664 
71665 
71666 
71667 
71668 
71669 
71670 
71671 
71672 
71673 
71674 
71675 
71676 
71677 
71678 
71679 
71680 
71681 
6750 
6751 
6752 
6753 
6754 
6755 
6756 
6757 
6758 
6759 
6760 
6761 
6762 
6763 
6764 
6765 
6766 
6767 
6768 
6769 
6770 
6771 
6772 
6773 
6804 
6805 
6806 
6807 
6808 
6809 
6810 
6811 
6812 
6813 
6814 
6815 
6816 
6817 
6818 
6819 
6820 
6821 
6822 
6823 
6824 
6825 
6826 
6827 
6858 
6859 
6860 
6861 
6862 
6863 
6864 
6865 
6866 
6867 
6868 
6869 
6870 
6871 
6872 
6873 
6874 
6875 
6876 
6877 
6878 
6879 
6880 
6881 
6912 
6913 
6914 
6915 
6916 
6917 
6918 
6919 
6920 
6921 
6922 
6923 
6924 
6925 
6926 
6927 
6928 
6929 
6930 
6931 
6932 
6933 
6934 
6935 
6966 
6967 
6968 
6969 
6970 
6971 
6972 
6973 
6974 
6975 
6976 
6977 
6978 
6979 
6980 
6981 
6982 
6983 
6984 
6985 
6986 
6987 
6988 
6989 
7020 
7021 
7022 
7023 
7024 
7025 
7026 
7027 
7028 
7029 
7030 
7031 
7032 
7033 
7034 
7035 
7036 
7037 
7038 
7039 
7040 
7041 
7042 
7043 
7074 
7075 
7076 
7077 
7078 
7079 
7080 
7081 
7082 
7083 
7084 
7085 
7086 
7087 
7088 
7089 
7090 
7091 
7092 
7093 
7094 
7095 
7096 
7097 
7128 
7129 
7130 
7131 
7132 
7133 
7134 
7135 
7136 
7137 
7138 
7139 
7140 
7141 
7142 
7143 
7144 
7145 
7146 
7147 
7148 
7149 
7150 
7151 
7182 
7183 
7184 
7185 
7186 
7187 
7188 
7189 
7190 
7191 
7192 
7193 
7194 
7195 
7196 
7197 
7198 
7199 
7200 
7201 
7202 
7203 
7204 
7205 
7236 
7237 
7238 
7239 
7240 
7241 
7242 
7243 
7244 
7245 
7246 
7247 
7248 
7249 
7250 
7251 
7252 
7253 
7254 
7255 
7256 
7257 
7258 
7259 
7290 
7291 
7292 
7293 
7294 
7295 
7296 
7297 
7298 
7299 
7300 
7301 
7302 
7303 
7304 
7305 
7306 
7307 
7308 
7309 
7310 
7311 
7312 
7313 
7314 
7345 
7346 
7347 
7348 
7349 
7350 
7351 
7352 
7353 
7354 
7355 
7356 
7357 
7358 
7359 
7360 
7361 
7362 
7363 
7364 
7365 
7366 
7367 
7368 
7369 
7400 
7401 
7402 
7403 
7404 
7405 
7406 
7407 
7408 
7409 
7410 
7411 
7412 
7413 
7414 
7415 
7416 
7417 
7418 
7419 
7420 
7421 
7422 
7423 
7424 
7455 
7456 
7457 
7458 
7459 
7460 
7461 
7462 
7463 
7464 
7465 
7466 
7467 
7468 
7469 
7470 
7471 
7472 
7473 
7474 
7475 
7476 
7477 
7478 
7479 
7510 
7511 
7512 
7513 
7514 
7515 
7516 
7517 
7518 
7519 
7520 
7521 
7522 
7523 
7524 
7525 
7526 
7527 
7528 
7529 
7530 
7531 
7532 
7533 
7534 
7565 
7566 
7567 
7568 
7569 
7570 
7571 
7572 
7573 
7574 
7575 
7576 
7577 
7578 
7579 
7580 
7581 
7582 
7583 
7584 
7585 
7586 
7587 
7588 
7589 
7620 
7621 
7622 
7623 
7624 
7625 
7626 
7627 
7628 
7629 
7630 
7631 
7632 
7633 
7634 
7635 
7636 
7637 
7638 
7639 
7640 
7641 
7642 
7643 
7674 
7675 
7676 
7677 
7678 
7679 
7680 
7681 
7682 
7683 
7684 
7685 
7686 
7687 
7688 
7689 
7690 
7691 
7692 
7693 
7694 
7695 
7696 
7697 
7728 
7729 
7730 
7731 
7732 
7733 
7734 
7735 
7736 
7737 
7738 
7739 
7740 
7741 
7742 
7743 
7744 
7745 
7746 
7747 
7748 
7749 
7750 
7751 
7782 
7783 
7784 
7785 
7786 
7787 
7788 
7789 
7790 
7791 
7792 
7793 
7794 
7795 
7796 
7797 
7798 
7799 
7800 
7801 
7802 
7803 
7804 
7805 
7836 
7837 
7838 
7839 
7840 
7841 
7842 
7843 
7844 
7845 
7846 
7847 
7848 
7849 
7850 
7851 
7852 
7853 
7854 
7855 
7856 
7857 
7858 
7859 
7890 
7891 
7892 
7893 
7894 
7895 
7896 
7897 
7898 
7899 
7900 
7901 
7902 
7903 
7904 
7905 
7906 
7907 
7908 
7909 
7910 
7911 
7912 
7913 
7944 
7945 
7946 
7947 
7948 
7949 
7950 
7951 
7952 
7953 
7954 
7955 
7956 
7957 
7958 
7959 
7960 
7961 
7962 
7963 
7964 
7965 
7966 
7967 
7998 
7999 
8000 
8001 
8002 
8003 
8004 
8005 
8006 
8007 
8008 
8009 
8010 
8011 
8012 
8013 
8014 
8015 
8016 
8017 
8018 
8019 
8020 
8021 
8052 
8053 
8054 
8055 
8056 
8057 
8058 
8059 
8060 
8061 
8062 
8063 
8064 
8065 
8066 
8067 
8068 
8069 
8070 
8071 
8072 
8073 
8074 
8075 
8106 
8107 
8108 
8109 
8110 
8111 
8112 
8113 
8114 
8115 
8116 
8117 
8118 
8119 
8120 
8121 
8122 
8123 
8124 
8125 
8126 
8127 
8128 
8129 
8160 
8161 
8162 
8163 
8164 
8165 
8166 
8167 
8168 
8169 
8170 
8171 
8172 
8173 
8174 
8175 
8176 
8177 
8178 
8179 
8180 
8181 
8182 
8183 
8214 
8215 
8216 
8217 
8218 
8219 
8220 
8221 
8222 
8223 
8224 
8225 
8226 
8227 
8228 
8229 
8230 
8231 
8232 
8233 
8234 
8235 
8236 
8237 
8268 
8269 
8270 
8271 
8272 
8273 
8274 
8275 
8276 
8277 
8278 
8279 
8280 
8281 
8282 
8283 
8284 
8285 
8286 
8287 
8288 
8289 
8290 
8291 
8322 
8323 
8324 
8325 
8326 
8327 
8328 
8329 
8330 
8331 
8332 
8333 
8334 
8335 
8336 
8337 
8338 
8339 
8340 
8341 
8342 
8343 
8344 
8345 
8376 
8377 
8378 
8379 
8380 
8381 
8382 
8383 
8384 
8385 
8386 
8387 
8388 
8389 
8390 
8391 
8392 
8393 
8394 
8395 
8396 
8397 
8398 
8399 
8430 
8431 
8432 
8433 
8434 
8435 
8436 
8437 
8438 
8439 
8440 
8441 
8442 
8443 
8444 
8445 
8446 
8447 
8448 
8449 
8450 
8451 
8452 
8453 
8484 
8485 
8486 
8487 
8488 
8489 
8490 
8491 
8492 
8493 
8494 
8495 
8496 
8497 
8498 
8499 
8500 
8501 
8502 
8503 
8504 
8505 
8506 
8507 
8538 
8539 
8540 
8541 
8542 
8543 
8544 
8545 
8546 
8547 
8548 
8549 
8550 
8551 
8552 
8553 
8554 
8555 
8556 
8557 
8558 
8559 
8560 
8561 
8592 
8593 
8594 
8595 
8596 
8597 
8598 
8599 
8600 
8601 
8602 
8603 
8604 
8605 
8606 
8607 
8608 
8609 
8610 
8611 
8612 
8613 
8614 
8615 
8646 
8647 
8648 
8649 
8650 
8651 
8652 
8653 
8654 
8655 
8656 
8657 
8658 
8659 
8660 
8661 
8662 
8663 
8664 
8665 
8666 
8667 
8668 
8669 
8670 
8701 
8702 
8703 
8704 
8705 
8706 
8707 
8708 
8709 
8710 
8711 
8712 
8713 
8714 
8715 
8716 
8717 
8718 
8719 
8720 
8721 
8722 
8723 
8724 
8725 
8756 
8757 
8758 
8759 
8760 
8761 
8762 
8763 
8764 
8765 
8766 
8767 
8768 
8769 
8770 
8771 
8772 
8773 
8774 
8775 
8776 
8777 
8778 
8779 
8780 
8811 
8812 
8813 
8814 
8815 
8816 
8817 
8818 
8819 
8820 
8821 
8822 
8823 
8824 
8825 
8826 
8827 
8828 
8829 
8830 
8831 
8832 
8833 
8834 
8835 
8866 
8867 
8868 
8869 
8870 
8871 
8872 
8873 
8874 
8875 
8876 
8877 
8878 
8879 
8880 
8881 
8882 
8883 
8884 
8885 
8886 
8887 
8888 
8889 
8890 
8921 
8922 
8923 
8924 
8925 
8926 
8927 
8928 
8929 
8930 
8931 
8932 
8933 
8934 
8935 
8936 
8937 
8938 
8939 
8940 
8941 
8942 
8943 
8944 
8945 
8976 
8977 
8978 
8979 
8980 
8981 
8982 
8983 
8984 
8985 
8986 
8987 
8988 
8989 
8990 
8991 
8992 
8993 
8994 
8995 
8996 
8997 
8998 
8999 
9030 
9031 
9032 
9033 
9034 
9035 
9036 
9037 
9038 
9039 
9040 
9041 
9042 
9043 
9044 
9045 
9046 
9047 
9048 
9049 
9050 
9051 
9052 
9053 
9084 
9085 
9086 
9087 
9088 
9089 
9090 
9091 
9092 
9093 
9094 
9095 
9096 
9097 
9098 
9099 
9100 
9101 
9102 
9103 
9104 
9105 
9106 
9107 
9138 
9139 
9140 
9141 
9142 
9143 
9144 
9145 
9146 
9147 
9148 
9149 
9150 
9151 
9152 
9153 
9154 
9155 
9156 
9157 
9158 
9159 
9160 
9161 
9192 
9193 
9194 
9195 
9196 
9197 
9198 
9199 
9200 
9201 
9202 
9203 
9204 
9205 
9206 
9207 
9208 
9209 
9210 
9211 
9212 
9213 
9214 
9215 
9246 
9247 
9248 
9249 
9250 
9251 
9252 
9253 
9254 
9255 
9256 
9257 
9258 
9259 
9260 
9261 
9262 
9263 
9264 
9265 
9266 
9267 
9268 
9269 
9300 
9301 
9302 
9303 
9304 
9305 
9306 
9307 
9308 
9309 
9310 
9311 
9312 
9313 
9314 
9315 
9316 
9317 
9318 
9319 
9320 
9321 
9322 
9323 
9354 
9355 
9356 
9357 
9358 
9359 
9360 
9361 
9362 
9363 
9364 
9365 
9366 
9367 
9368 
9369 
9370 
9371 
9372 
9373 
9374 
9375 
9376 
9377 
9408 
9409 
9410 
9411 
9412 
9413 
9414 
9415 
9416 
9417 
9418 
9419 
9420 
9421 
9422 
9423 
9424 
9425 
9426 
9427 
9428 
9429 
9430 
9431 
9462 
9463 
9464 
9465 
9466 
9467 
9468 
9469 
9470 
9471 
9472 
9473 
9474 
9475 
9476 
9477 
9478 
9479 
9480 
9481 
9482 
9483 
9484 
9485 
9516 
9517 
9518 
9519 
9520 
9521 
9522 
9523 
9524 
9525 
9526 
9527 
9528 
9529 
9530 
9531 
9532 
9533 
9534 
9535 
9536 
9537 
9538 
9539 
9570 
9571 
9572 
9573 
9574 
9575 
9576 
9577 
9578 
9579 
9580 
9581 
9582 
9583 
9584 
9585 
9586 
9587 
9588 
9589 
9590 
9591 
9592 
9593 
9624 
9625 
9626 
9627 
9628 
9629 
9630 
9631 
9632 
9633 
9634 
9635 
9636 
9637 
9638 
9639 
9640 
9641 
9642 
9643 
9644 
9645 
9646 
9647 
9678 
9679 
9680 
9681 
9682 
9683 
9684 
9685 
9686 
9687 
9688 
9689 
9690 
9691 
9692 
9693 
9694 
9695 
9696 
9697 
9698 
9699 
9700 
9701 
9732 
9733 
9734 
9735 
9736 
9737 
9738 
9739 
9740 
9741 
9742 
9743 
9744 
9745 
9746 
9747 
9748 
9749 
9750 
9751 
9752 
9753 
9754 
9755 
9786 
9787 
9788 
9789 
9790 
9791 
9792 
9793 
9794 
9795 
9796 
9797 
9798 
9799 
9800 
9801 
9802 
9803 
9804 
9805 
9806 
9807 
9808 
9809 
9840 
9841 
9842 
9843 
9844 
9845 
9846 
9847 
9848 
9849 
9850 
9851 
9852 
9853 
9854 
9855 
9856 
9857 
9858 
9859 
9860 
9861 
9862 
9863 
9894 
9895 
9896 
9897 
9898 
9899 
9900 
9901 
9902 
9903 
9904 
9905 
9906 
9907 
9908 
9909 
9910 
9911 
9912 
9913 
9914 
9915 
9916 
9917 
9948 
9949 
9950 
9951 
9952 
9953 
9954 
9955 
9956 
9957 
9958 
9959 
9960 
9961 
9962 
9963 
9964 
9965 
9966 
9967 
9968 
9969 
9970 
9971 
10002 
10003 
10004 
10005 
10006 
10007 
10008 
10009 
10010 
10011 
10012 
10013 
10014 
10015 
10016 
10017 
10018 
10019 
10020 
10021 
10022 
10023 
10024 
10025 
10026 
10057 
10058 
10059 
10060 
10061 
10062 
10063 
10064 
10065 
10066 
10067 
10068 
10069 
10070 
10071 
10072 
10073 
10074 
10075 
10076 
10077 
10078 
10079 
10080 
10081 
10112 
10113 
10114 
10115 
10116 
10117 
10118 
10119 
10120 
10121 
10122 
10123 
10124 
10125 
10126 
10127 
10128 
10129 
10130 
10131 
10132 
10133 
10134 
10135 
10136 
10167 
10168 
10169 
10170 
10171 
10172 
10173 
10174 
10175 
10176 
10177 
10178 
10179 
10180 
10181 
10182 
10183 
10184 
10185 
10186 
10187 
10188 
10189 
10190 
10191 
10222 
10223 
10224 
10225 
10226 
10227 
10228 
10229 
10230 
10231 
10232 
10233 
10234 
10235 
10236 
10237 
10238 
10239 
10240 
10241 
10242 
10243 
10244 
10245 
10246 
10277 
10278 
10279 
10280 
10281 
10282 
10283 
10284 
10285 
10286 
10287 
10288 
10289 
10290 
10291 
10292 
10293 
10294 
10295 
10296 
10297 
10298 
10299 
10300 
10301 
10332 
10333 
10334 
10335 
10336 
10337 
10338 
10339 
10340 
10341 
10342 
10343 
10344 
10345 
10346 
10347 
10348 
10349 
10350 
10351 
10352 
10353 
10354 
10355 
10386 
10387 
10388 
10389 
10390 
10391 
10392 
10393 
10394 
10395 
10396 
10397 
10398 
10399 
10400 
10401 
10402 
10403 
10404 
10405 
10406 
10407 
10408 
10409 
10440 
10441 
10442 
10443 
10444 
10445 
10446 
10447 
10448 
10449 
10450 
10451 
10452 
10453 
10454 
10455 
10456 
10457 
10458 
10459 
10460 
10461 
10462 
10463 
10494 
10495 
10496 
10497 
10498 
10499 
10500 
10501 
10502 
10503 
10504 
10505 
10506 
10507 
10508 
10509 
10510 
10511 
10512 
10513 
10514 
10515 
10516 
10517 
10548 
10549 
10550 
10551 
10552 
10553 
10554 
10555 
10556 
10557 
10558 
10559 
10560 
10561 
10562 
10563 
10564 
10565 
10566 
10567 
10568 
10569 
10570 
10571 
10602 
10603 
10604 
10605 
10606 
10607 
10608 
10609 
10610 
10611 
10612 
10613 
10614 
10615 
10616 
10617 
10618 
10619 
10620 
10621 
10622 
10623 
10624 
10625 
10656 
10657 
10658 
10659 
10660 
10661 
10662 
10663 
10664 
10665 
10666 
10667 
10668 
10669 
10670 
10671 
10672 
10673 
10674 
10675 
10676 
10677 
10678 
10679 
10710 
10711 
10712 
10713 
10714 
10715 
10716 
10717 
10718 
10719 
10720 
10721 
10722 
10723 
10724 
10725 
10726 
10727 
10728 
10729 
10730 
10731 
10732 
10733 
10764 
10765 
10766 
10767 
10768 
10769 
10770 
10771 
10772 
10773 
10774 
10775 
10776 
10777 
10778 
10779 
10780 
10781 
10782 
10783 
10784 
10785 
10786 
10787 
29358 
29359 
29360 
29361 
29362 
29363 
29364 
29365 
29366 
29367 
29368 
29369 
29370 
29371 
29372 
29373 
29374 
29375 
29376 
29377 
29378 
29379 
29380 
29381 
29382 
29383 
29384 
29385 
29386 
29387 
29388 
29389 
29390 
29391 
29392 
29393 
29394 
29395 
29396 
29397 
29398 
29399 
29400 
29401 
29402 
29403 
29404 
29405 
29406 
29407 
29408 
29409 
29410 
29411 
29412 
29413 
29708 
29709 
29710 
29711 
29712 
29713 
29714 
29715 
29716 
29717 
29718 
29719 
29720 
29721 
29722 
29723 
29724 
29725 
29726 
29727 
29728 
29729 
29730 
29731 
29732 
29733 
29734 
29735 
29736 
29737 
29738 
29739 
29740 
29741 
29742 
29743 
29744 
29745 
29746 
29747 
29748 
29749 
29750 
29751 
29752 
29753 
29754 
29755 
29756 
29764 
29765 
29766 
29767 
29768 
29769 
29770 
30660 
30661 
30662 
30663 
30664 
30665 
30666 
30737 
30738 
30739 
30740 
30741 
30742 
30743 
30772 
30773 
30774 
30775 
30776 
30777 
30778 
30779 
30780 
30781 
30782 
30783 
30784 
30785 
30821 
30822 
30823 
30824 
30825 
30826 
30827 
30828 
30829 
30830 
30831 
30832 
30833 
30834 
30870 
30871 
30872 
30873 
30874 
30875 
30876 
30877 
30878 
30879 
30880 
30881 
30882 
30883 
30919 
30920 
30921 
30922 
30923 
30924 
30925 
30926 
30927 
30928 
30929 
30930 
30931 
30932 
30968 
30969 
30970 
30971 
30972 
30973 
30974 
30975 
30976 
30977 
30978 
30979 
30980 
30981 
31017 
31018 
31019 
31020 
31021 
31022 
31023 
31024 
31025 
31026 
31027 
31028 
31029 
31030 
31115 
31116 
31117 
31118 
31119 
31120 
31121 
31129 
31130 
31131 
31132 
31133 
31134 
31135 
31206 
31207 
31208 
31209 
31210 
31211 
31212 
31234 
31235 
31236 
31237 
31238 
31239 
31240 
31241 
31242 
31243 
31244 
31245 
31246 
31247 
31283 
31284 
31285 
31286 
31287 
31288 
31289 
31291 
31293 
31295 
31339 
31340 
31341 
31342 
31343 
31344 
31345 
31347 
31349 
31351 
31395 
31396 
31397 
31398 
31399 
31400 
31401 
31403 
31405 
31407 
31451 
31452 
31453 
31454 
31455 
31456 
31457 
31500 
31501 
31502 
31503 
31504 
31505 
31506 
31507 
31508 
31509 
31510 
31511 
31512 
31513 
31591 
31592 
31593 
31594 
31595 
31596 
31597 
31605 
31606 
31607 
31608 
31609 
31610 
31611 
31682 
31683 
31684 
31685 
31686 
31687 
31688 
31717 
31718 
31719 
31720 
31721 
31722 
31723 
31724 
31725 
31726 
31727 
31728 
31729 
31730 
31766 
31767 
31768 
31769 
31770 
31771 
31772 
31774 
31776 
31778 
31864 
31865 
31866 
31867 
31868 
31869 
31870 
31872 
31874 
31876 
31920 
31921 
31922 
31923 
31924 
31925 
31926 
31969 
31970 
31971 
31972 
31973 
31974 
31975 
31976 
31977 
31978 
31979 
31980 
31981 
31982 
48398 
48399 
48400 
48401 
48402 
48403 
48404 
48426 
48427 
48428 
48429 
48430 
48431 
48432 
32060 
32061 
32062 
32063 
32064 
32065 
32066 
48475 
48476 
48477 
48478 
48479 
48480 
48481 
48524 
48525 
48526 
48527 
48528 
48529 
48530 
48573 
48574 
48575 
48576 
48577 
48578 
48579 
48622 
48623 
48624 
48625 
48626 
48627 
48628 
48671 
48672 
48673 
48674 
48675 
48676 
48677 
48720 
48721 
48722 
48723 
48724 
48725 
48726 
48769 
48770 
48771 
48772 
48773 
48774 
48775 
)

// ************************************************************************* //
