/*--------------------------------*- C++ -*----------------------------------*\
| =========                 |                                                 |
| \\      /  F ield         | OpenFOAM: The Open Source CFD Toolbox           |
|  \\    /   O peration     | Version:  3.0.1                                 |
|   \\  /    A nd           | Web:      www.OpenFOAM.org                      |
|    \\/     M anipulation  |                                                 |
\*---------------------------------------------------------------------------*/
FoamFile
{
    version     2.0;
    format      binary;
    class       faceSet;
    location    "constant/polyMesh/sets";
    object      f1;
}
// * * * * * * * * * * * * * * * * * * * * * * * * * * * * * * * * * * * * * //


525
(
232514 
232515 
232516 
232517 
232518 
232519 
232520 
232521 
232522 
232523 
232524 
232525 
232526 
232527 
232528 
232529 
232530 
232531 
232532 
232533 
232534 
232535 
232536 
232537 
232538 
232539 
232540 
232541 
232542 
232543 
232544 
232545 
232546 
232547 
232548 
232549 
232550 
232551 
232552 
232553 
232554 
232555 
232556 
232557 
232558 
232559 
232560 
232561 
232562 
232563 
232564 
232565 
232566 
232567 
232568 
232569 
232570 
232571 
232572 
232573 
232574 
232575 
232576 
232577 
232578 
232579 
232580 
232581 
232582 
232583 
232584 
232585 
232586 
232587 
232588 
232589 
232590 
232591 
232592 
232593 
232594 
232595 
232596 
232597 
232598 
232599 
232600 
232601 
232602 
232603 
232604 
232605 
232606 
232607 
232608 
232609 
232610 
232611 
232612 
232613 
232614 
232615 
232616 
232617 
232618 
232619 
232620 
232621 
232622 
232623 
232624 
232625 
232626 
232627 
232628 
232629 
232630 
232631 
232632 
232633 
232634 
232635 
232636 
232637 
232638 
232639 
232640 
232641 
232642 
232643 
232644 
232645 
232646 
232647 
232648 
232649 
232650 
232651 
232652 
232653 
232654 
232655 
232656 
232657 
232658 
232659 
232660 
232661 
232662 
232663 
232664 
232665 
232666 
232667 
232668 
232669 
232670 
232671 
232672 
232673 
232674 
232675 
232676 
232677 
232678 
232679 
232680 
232681 
232682 
232683 
232684 
232685 
232686 
232687 
232688 
232689 
232690 
232691 
232692 
232693 
232694 
232695 
232696 
232697 
232698 
232699 
232700 
232701 
232702 
232703 
232704 
232705 
232706 
232707 
232708 
232709 
232710 
232711 
232712 
232713 
232714 
232715 
232716 
232717 
232718 
232719 
232720 
232721 
232722 
232723 
232724 
232725 
232726 
232727 
232728 
232729 
232730 
232731 
232732 
232733 
232734 
232735 
232736 
232737 
232738 
232739 
232740 
232741 
232742 
232743 
232744 
232745 
232746 
232747 
232748 
232749 
232750 
232751 
232752 
232753 
232754 
232755 
232756 
232757 
232758 
232759 
232760 
232761 
232762 
232763 
232764 
232765 
232766 
232767 
232768 
232769 
232770 
232771 
232772 
232773 
232774 
232775 
232776 
232777 
232778 
232779 
232780 
232781 
232782 
232783 
232784 
232785 
232786 
232787 
232788 
232814 
232815 
232816 
232817 
232818 
232819 
232820 
232821 
232822 
232823 
232824 
232825 
232826 
232827 
232828 
232829 
232830 
232831 
232832 
232833 
232834 
232835 
232836 
232837 
232838 
232839 
232840 
232841 
232842 
232843 
232844 
232845 
232846 
232847 
232848 
232849 
232850 
232851 
232852 
232853 
232854 
232855 
232856 
232857 
232858 
232859 
232860 
232861 
232862 
232863 
232864 
232865 
232866 
232867 
232868 
232869 
232870 
232871 
232872 
232873 
232874 
232875 
232876 
232877 
232878 
232879 
232880 
232881 
232882 
232883 
232884 
232885 
232886 
232887 
232888 
232889 
232890 
232891 
232892 
232893 
232894 
232895 
232896 
232897 
232898 
232899 
232900 
232901 
232902 
232903 
232904 
232905 
232906 
232907 
232908 
232909 
232910 
232911 
232912 
232913 
232914 
232915 
232916 
232917 
232918 
232919 
232920 
232921 
232922 
232923 
232924 
232925 
232926 
232927 
232928 
232929 
232930 
232931 
232932 
232933 
232934 
232935 
232936 
232937 
232938 
232939 
232940 
232941 
232942 
232943 
232944 
232945 
232946 
232947 
232948 
232949 
232950 
232951 
232952 
232953 
232954 
232955 
232956 
232957 
232958 
232959 
232960 
232961 
232962 
232963 
232964 
232965 
232966 
232967 
232968 
232969 
232970 
232971 
232972 
232973 
232974 
232975 
232976 
232977 
232978 
232979 
232980 
232981 
232982 
232983 
232984 
232985 
232986 
232987 
232988 
232989 
232990 
232991 
232992 
232993 
232994 
232995 
232996 
232997 
232998 
232999 
233000 
233001 
233002 
233003 
233004 
233005 
233006 
233007 
233008 
233009 
233010 
233011 
233012 
233013 
233014 
233015 
233016 
233017 
233018 
233019 
233020 
233021 
233022 
233023 
233024 
233025 
233026 
233027 
233028 
233029 
233030 
233031 
233032 
233033 
233034 
233035 
233036 
233037 
233038 
233039 
233040 
233041 
233042 
233043 
233044 
233045 
233046 
233047 
233048 
233049 
233050 
233051 
233052 
233053 
233054 
233055 
233056 
233057 
233058 
233059 
233060 
233061 
233062 
233063 
)

// ************************************************************************* //
