/*--------------------------------*- C++ -*----------------------------------*\
| =========                 |                                                 |
| \\      /  F ield         | OpenFOAM: The Open Source CFD Toolbox           |
|  \\    /   O peration     | Version:  3.0.1                                 |
|   \\  /    A nd           | Web:      www.OpenFOAM.org                      |
|    \\/     M anipulation  |                                                 |
\*---------------------------------------------------------------------------*/
FoamFile
{
    version     2.0;
    format      binary;
    class       faceSet;
    location    "constant/polyMesh/sets";
    object      f3;
}
// * * * * * * * * * * * * * * * * * * * * * * * * * * * * * * * * * * * * * //


425
(
233114 
233115 
233116 
233117 
233118 
233119 
233120 
233121 
233122 
233123 
233124 
233125 
233126 
233127 
233128 
233129 
233130 
233131 
233132 
233133 
233134 
233135 
233136 
233137 
233138 
233139 
233140 
233141 
233142 
233143 
233144 
233145 
233146 
233147 
233148 
233149 
233150 
233151 
233152 
233153 
233154 
233155 
233156 
233157 
233158 
233159 
233160 
233161 
233162 
233163 
233164 
233165 
233166 
233167 
233168 
233169 
233170 
233171 
233172 
233173 
233174 
233175 
233176 
233177 
233178 
233179 
233180 
233181 
233182 
233183 
233184 
233185 
233186 
233187 
233188 
233189 
233190 
233191 
233192 
233193 
233194 
233195 
233196 
233197 
233198 
233199 
233200 
233201 
233202 
233203 
233204 
233205 
233206 
233207 
233208 
233209 
233210 
233211 
233212 
233213 
233214 
233215 
233216 
233217 
233218 
233219 
233220 
233221 
233222 
233223 
233224 
233225 
233226 
233227 
233228 
233229 
233230 
233231 
233232 
233233 
233234 
233235 
233236 
233237 
233238 
233239 
233240 
233241 
233242 
233243 
233244 
233245 
233246 
233247 
233248 
233249 
233250 
233251 
233252 
233253 
233254 
233255 
233256 
233257 
233258 
233259 
233260 
233261 
233262 
233263 
233264 
233265 
233266 
233267 
233268 
233269 
233270 
233271 
233272 
233273 
233274 
233275 
233276 
233277 
233278 
233279 
233280 
233281 
233282 
233283 
233284 
233285 
233286 
233287 
233288 
233289 
233290 
233291 
233292 
233293 
233294 
233295 
233296 
233297 
233298 
233299 
233300 
233301 
233302 
233303 
233304 
233305 
233306 
233307 
233308 
233309 
233310 
233311 
233312 
233313 
233314 
233315 
233316 
233317 
233318 
233319 
233320 
233321 
233322 
233323 
233324 
233325 
233326 
233327 
233328 
233329 
233330 
233331 
233332 
233333 
233334 
233335 
233336 
233337 
233338 
233339 
233340 
233341 
233342 
233343 
233344 
233345 
233346 
233347 
233348 
233349 
233350 
233351 
233352 
233353 
233354 
233355 
233356 
233357 
233358 
233359 
233360 
233361 
233362 
233363 
233364 
233365 
233366 
233367 
233368 
233369 
233370 
233371 
233372 
233373 
233374 
233375 
233376 
233377 
233378 
233379 
233380 
233381 
233382 
233383 
233384 
233385 
233386 
233387 
233388 
233389 
233390 
233391 
233392 
233393 
233394 
233395 
233396 
233397 
233398 
233399 
233400 
233401 
233402 
233403 
233404 
233405 
233406 
233407 
233408 
233409 
233410 
233411 
233412 
233413 
233414 
233415 
233416 
233417 
233418 
233419 
233420 
233421 
233422 
233423 
233424 
233425 
233426 
233427 
233428 
233429 
233430 
233431 
233432 
233433 
233434 
233435 
233436 
233437 
233438 
233464 
233465 
233466 
233467 
233468 
233469 
233470 
233471 
233472 
233473 
233474 
233475 
233476 
233477 
233478 
233479 
233480 
233481 
233482 
233483 
233484 
233485 
233486 
233487 
233488 
233489 
233490 
233491 
233492 
233493 
233494 
233495 
233496 
233497 
233498 
233499 
233500 
233501 
233502 
233503 
233504 
233505 
233506 
233507 
233508 
233509 
233510 
233511 
233512 
233513 
233514 
233515 
233516 
233517 
233518 
233519 
233520 
233521 
233522 
233523 
233524 
233525 
233526 
233527 
233528 
233529 
233530 
233531 
233532 
233533 
233534 
233535 
233536 
233537 
233538 
233539 
233540 
233541 
233542 
233543 
233544 
233545 
233546 
233547 
233548 
233549 
233550 
233551 
233552 
233553 
233554 
233555 
233556 
233557 
233558 
233559 
233560 
233561 
233562 
233563 
)

// ************************************************************************* //
