/*--------------------------------*- C++ -*----------------------------------*\
| =========                 |                                                 |
| \\      /  F ield         | OpenFOAM: The Open Source CFD Toolbox           |
|  \\    /   O peration     | Version:  3.0.1                                 |
|   \\  /    A nd           | Web:      www.OpenFOAM.org                      |
|    \\/     M anipulation  |                                                 |
\*---------------------------------------------------------------------------*/
FoamFile
{
    version     2.0;
    format      binary;
    class       faceSet;
    location    "constant/polyMesh/sets";
    object      planStlX8;
}
// * * * * * * * * * * * * * * * * * * * * * * * * * * * * * * * * * * * * * //


325
(
24578 
22533 
207880 
11276 
33807 
7185 
5139 
210966 
228383 
222239 
26655 
4127 
37922 
14371 
23593 
15401 
212011 
208940 
207935 
12351 
40001 
30785 
209987 
2119 
228426 
222287 
29780 
13397 
208982 
212056 
39001 
16476 
6240 
31841 
8296 
27760 
228469 
207990 
20602 
19582 
126 
222335 
212101 
211078 
35978 
209036 
28814 
9362 
17556 
34973 
1182 
210079 
228512 
10401 
37034 
208045 
21677 
18606 
222383 
3247 
212146 
32953 
5318 
25799 
24777 
228555 
7374 
4303 
34007 
22747 
222431 
212191 
11491 
208100 
40167 
209134 
14577 
23797 
228598 
211190 
15607 
210171 
26876 
38147 
2310 
30985 
29963 
212236 
222479 
208150 
12567 
8475 
6429 
228641 
39201 
13602 
302 
16692 
212281 
32062 
222527 
208195 
20806 
19786 
27979 
228684 
1358 
36178 
35156 
29014 
210263 
4444 
209246 
3423 
212326 
211302 
17772 
9581 
222575 
208240 
10611 
5497 
18812 
228737 
21891 
37255 
25999 
212371 
33172 
7572 
208285 
34207 
24999 
222633 
22961 
210355 
228790 
11706 
14783 
24001 
2501 
212426 
208330 
15818 
209358 
8654 
31185 
211414 
27097 
6618 
38366 
478 
222691 
39401 
30185 
228843 
12782 
13807 
208375 
4602 
212481 
1546 
16908 
210447 
3599 
19990 
36378 
32284 
222749 
29214 
228896 
21025 
28194 
208420 
5676 
35378 
212536 
211513 
9786 
221757 
209470 
17988 
19018 
10829 
7759 
208465 
228949 
222807 
22105 
227931 
37477 
26214 
34407 
221802 
210539 
33387 
212591 
25199 
208510 
8833 
211586 
2692 
229002 
24205 
14989 
654 
227984 
222865 
23185 
11921 
6807 
16029 
221860 
212646 
31400 
208555 
4781 
209582 
39601 
30385 
38581 
27318 
211641 
12987 
14012 
229054 
3775 
228037 
210630 
1737 
222923 
212701 
221918 
208610 
20194 
5859 
17124 
229093 
29414 
211696 
36593 
21234 
228090 
35578 
32506 
28414 
7938 
222980 
9991 
8977 
18194 
212756 
221976 
19224 
208665 
209694 
211751 
228143 
34607 
22319 
223025 
11061 
210742 
25399 
26424 
212797 
830 
37699 
2883 
33607 
208720 
222034 
6996 
24409 
15195 
23389 
211806 
4960 
228196 
14183 
12136 
3951 
39801 
30585 
31610 
16260 
208775 
13192 
1928 
209803 
222092 
207756 
38801 
27539 
211861 
228249 
6052 
210854 
29614 
20398 
8117 
9147 
17340 
208830 
222146 
35778 
36803 
19395 
28614 
228297 
211916 
207825 
10196 
21463 
32728 
18400 
209895 
1006 
222191 
228340 
208885 
34807 
211966 
25599 
3071 
)

// ************************************************************************* //
