/*--------------------------------*- C++ -*----------------------------------*\
| =========                 |                                                 |
| \\      /  F ield         | OpenFOAM: The Open Source CFD Toolbox           |
|  \\    /   O peration     | Version:  3.0.1                                 |
|   \\  /    A nd           | Web:      www.OpenFOAM.org                      |
|    \\/     M anipulation  |                                                 |
\*---------------------------------------------------------------------------*/
FoamFile
{
    version     2.0;
    format      binary;
    class       faceSet;
    location    "constant/polyMesh/sets";
    object      planStlX4p75;
}
// * * * * * * * * * * * * * * * * * * * * * * * * * * * * * * * * * * * * * //


1100
(
102414 
16398 
102421 
102428 
225315 
8240 
20532 
72 
36945 
114772 
28756 
225365 
102485 
102492 
114781 
102499 
159845 
114789 
32869 
110699 
159852 
110706 
159859 
110714 
225415 
24722 
106643 
159895 
4247 
106650 
102556 
159902 
106657 
102562 
159909 
102569 
164020 
225465 
164027 
164035 
159945 
12490 
159952 
159959 
102621 
8419 
102628 
16614 
102635 
246 
159995 
20736 
160002 
160009 
28956 
114983 
160045 
114990 
225584 
164144 
4400 
160052 
164151 
37175 
115002 
160059 
110910 
164159 
110915 
106820 
33094 
106827 
110927 
106834 
160095 
225634 
164196 
160102 
164203 
160109 
24941 
164211 
160145 
225684 
8598 
160151 
164248 
160158 
164255 
12706 
168355 
422 
164263 
168362 
168372 
16830 
4548 
225734 
164300 
20940 
156110 
164307 
156117 
160215 
164315 
156124 
160222 
29156 
160229 
106997 
225784 
102904 
156154 
107004 
102911 
164352 
156161 
107011 
160262 
164359 
156168 
102920 
160269 
164367 
160276 
37396 
168480 
33313 
168487 
156201 
225834 
156208 
168497 
164404 
25141 
102966 
156215 
160312 
164411 
102973 
160319 
164419 
102980 
160326 
8777 
598 
168536 
156248 
225884 
168543 
156255 
156262 
164456 
168553 
160362 
164462 
160369 
4725 
164470 
160376 
103032 
12921 
103039 
103046 
156295 
225934 
156302 
168592 
156309 
17046 
168599 
160412 
168609 
160419 
21159 
160426 
115372 
29356 
164526 
115375 
164531 
156342 
115384 
103098 
164541 
156349 
115392 
103105 
115394 
156356 
168648 
103112 
160462 
168655 
160469 
168665 
160476 
164576 
8932 
164581 
156389 
111334 
111336 
156396 
226030 
164591 
111344 
37618 
156403 
111352 
33528 
111354 
103164 
25341 
168704 
160512 
103171 
774 
168711 
160519 
103178 
160526 
168721 
156436 
164629 
164634 
156442 
111386 
111389 
156449 
226083 
164644 
111397 
4904 
111406 
160562 
168760 
160568 
103230 
168767 
160575 
103237 
13126 
168777 
164682 
103244 
164687 
226136 
164697 
17262 
168816 
29556 
168822 
21367 
9082 
164735 
103296 
168835 
164740 
103303 
168840 
107402 
164750 
103310 
107408 
107417 
164788 
950 
164793 
107453 
226239 
168896 
164803 
107460 
25541 
168903 
107469 
168913 
37841 
33748 
5083 
164841 
164846 
226293 
168949 
164856 
168956 
168966 
13331 
164894 
164899 
29733 
226346 
111660 
169005 
111663 
164912 
169012 
164917 
111676 
169022 
111684 
9285 
111686 
17478 
226396 
21597 
169061 
1126 
169068 
169078 
25741 
226446 
103566 
5262 
103572 
33948 
169117 
103581 
169124 
169134 
38063 
103615 
226496 
103622 
111817 
107723 
103629 
111823 
107730 
29908 
169173 
111835 
169180 
107741 
13536 
169190 
226546 
169229 
169236 
1302 
169246 
17694 
226596 
9515 
21811 
5441 
169285 
169291 
25941 
226646 
169304 
169309 
107875 
34148 
107882 
107890 
226696 
38288 
112036 
13741 
30126 
112047 
112050 
112054 
1478 
5620 
17910 
9720 
22025 
103964 
26141 
103971 
103980 
34348 
108087 
108094 
226884 
226886 
108102 
226890 
226896 
226903 
226911 
226915 
226920 
38507 
30326 
226936 
13946 
226940 
226944 
1666 
226955 
226959 
226963 
112281 
226974 
226978 
112292 
226982 
112295 
5799 
112299 
226993 
226997 
104118 
227001 
104125 
227012 
104132 
9925 
227014 
227019 
18126 
227028 
227032 
227035 
227037 
22239 
227041 
227047 
227054 
34548 
26356 
227062 
227064 
227069 
108293 
227081 
108300 
227086 
108308 
227094 
227099 
227108 
227113 
227120 
14128 
227124 
227128 
157496 
30526 
227135 
157503 
227137 
1857 
38722 
227142 
157510 
227155 
227159 
227162 
227164 
5982 
227168 
227174 
227181 
227189 
227191 
104313 
227196 
104320 
104327 
227208 
223112 
169864 
169868 
227213 
112526 
169874 
10130 
227221 
169878 
227224 
112537 
227226 
112540 
18332 
169885 
112544 
227234 
169890 
227238 
157608 
227242 
157615 
227249 
227251 
22453 
157622 
227256 
223162 
34748 
227269 
26566 
227273 
108499 
157655 
108506 
157662 
14305 
108514 
157669 
223212 
2048 
157702 
30726 
157709 
157716 
223262 
38942 
6174 
157749 
104502 
157756 
104509 
157763 
104516 
227405 
227407 
223312 
227411 
227416 
227418 
227422 
10335 
227427 
157796 
227429 
227433 
18538 
157803 
227438 
34926 
227440 
157810 
227444 
227449 
227451 
112765 
227455 
223362 
227460 
227462 
112774 
227466 
22667 
112782 
227471 
227473 
161938 
157843 
227477 
161945 
227482 
157850 
227484 
227488 
161952 
157857 
108705 
227490 
227494 
108712 
227499 
227501 
26797 
14509 
108720 
227505 
223412 
227510 
227512 
227516 
2239 
227521 
157890 
227523 
227527 
157896 
227532 
227534 
30926 
157903 
227538 
227543 
227545 
6363 
227549 
227554 
227556 
223462 
39142 
166119 
227560 
166124 
227565 
227567 
227571 
104691 
227573 
166134 
227577 
104698 
227582 
227584 
104705 
157954 
227588 
227593 
157961 
227595 
227599 
157968 
227604 
227606 
227610 
162074 
35101 
227615 
227617 
162081 
227621 
162088 
227626 
227628 
10540 
227632 
158001 
227637 
227639 
158008 
18744 
227643 
158015 
227648 
227650 
227654 
223558 
227656 
227660 
162124 
112976 
227665 
227667 
162131 
227671 
112983 
162138 
227676 
227678 
166241 
22881 
227682 
158051 
112995 
166246 
227687 
227689 
158058 
227693 
108911 
166256 
158065 
227698 
227700 
108918 
227704 
223611 
14715 
227709 
162174 
108926 
2430 
227711 
227715 
162181 
227720 
227722 
27018 
162188 
227726 
227731 
227733 
158101 
166294 
31126 
6552 
227737 
227739 
166299 
158108 
227743 
158115 
227748 
166309 
227750 
227754 
39342 
227759 
162224 
104880 
227761 
223665 
227765 
162231 
104887 
227770 
227772 
162238 
104894 
227776 
227781 
227783 
158151 
227787 
166347 
158158 
227792 
166352 
227794 
158165 
227798 
166362 
227803 
227805 
227809 
162274 
227814 
223719 
227816 
162281 
162288 
227825 
227827 
227831 
100855 
35319 
158201 
227836 
227838 
100862 
10750 
166400 
158208 
227842 
166405 
100869 
18950 
227847 
158215 
227849 
227853 
166415 
227858 
227860 
162324 
227864 
162331 
227869 
223773 
227871 
162338 
227875 
227880 
227882 
158251 
227886 
158258 
227891 
227893 
166453 
23095 
227897 
158265 
166458 
100923 
2621 
227902 
227904 
100930 
166468 
162374 
100937 
14921 
162380 
223827 
162387 
6741 
158301 
31326 
158307 
27239 
166506 
158314 
105069 
166511 
105076 
39542 
166521 
105083 
100994 
223881 
101001 
162444 
101008 
162451 
162459 
166559 
166564 
170664 
170671 
166577 
166582 
170681 
223931 
162493 
35519 
162500 
101065 
162508 
113359 
101072 
113362 
19156 
101079 
10967 
113372 
113380 
113382 
223981 
166638 
162545 
166645 
162552 
2812 
166655 
162560 
113414 
113417 
109327 
101136 
113425 
6930 
109333 
101143 
23319 
15127 
113434 
101150 
224031 
109344 
166691 
170789 
162597 
166698 
170796 
162604 
166708 
162612 
31541 
170806 
109374 
39742 
109376 
27460 
109382 
109391 
224081 
101207 
162649 
166747 
170845 
101214 
162656 
166754 
170852 
101221 
162664 
166764 
170862 
224131 
35719 
19338 
162701 
166803 
162708 
170901 
166810 
170908 
162716 
101278 
166820 
101285 
170918 
101292 
224181 
3003 
11200 
162753 
162760 
166859 
170957 
7119 
162768 
166866 
170964 
166876 
170974 
23523 
101349 
15333 
224231 
101356 
101363 
162805 
162811 
166915 
162819 
171013 
39942 
31752 
166922 
171020 
166932 
171030 
113688 
113691 
27681 
113703 
101420 
113711 
113713 
101427 
101434 
19514 
166971 
171069 
166978 
171076 
166988 
109645 
171086 
109647 
35919 
109658 
224350 
109666 
109668 
105575 
105581 
167027 
101491 
171125 
105590 
3191 
167033 
101498 
171131 
101505 
167046 
171144 
167051 
7308 
171149 
224400 
11415 
105631 
105638 
105645 
23727 
15539 
40120 
101562 
101569 
224450 
101576 
113885 
113891 
31982 
113903 
224500 
27902 
101633 
19716 
101640 
101647 
109845 
36119 
109852 
224550 
3367 
109864 
101704 
7497 
101711 
101718 
224600 
11630 
23931 
15745 
224650 
101775 
101782 
101789 
114100 
224700 
114111 
114114 
105922 
114118 
105929 
32203 
19920 
105938 
101846 
3543 
28121 
101853 
36319 
101860 
110066 
110073 
110081 
7695 
224796 
101917 
101924 
101931 
11845 
24135 
224849 
15956 
101988 
101995 
102002 
106109 
106116 
224902 
3719 
106123 
20124 
36519 
32425 
102059 
28336 
102066 
102073 
224955 
110277 
7882 
110284 
110292 
225008 
102130 
102137 
102144 
24339 
12060 
225062 
16166 
106289 
3895 
106296 
102201 
106303 
102208 
102215 
225115 
114526 
114529 
20328 
114537 
114547 
8061 
36734 
102272 
102279 
32647 
28556 
225165 
102286 
110488 
110495 
110503 
225215 
159679 
159686 
102343 
24519 
159693 
102350 
102357 
106466 
4071 
106473 
106480 
225265 
12275 
)

// ************************************************************************* //
