/*--------------------------------*- C++ -*----------------------------------*\
| =========                 |                                                 |
| \\      /  F ield         | OpenFOAM: The Open Source CFD Toolbox           |
|  \\    /   O peration     | Version:  3.0.1                                 |
|   \\  /    A nd           | Web:      www.OpenFOAM.org                      |
|    \\/     M anipulation  |                                                 |
\*---------------------------------------------------------------------------*/
FoamFile
{
    version     2.0;
    format      binary;
    class       faceSet;
    location    "constant/polyMesh/sets";
    object      planX4;
}
// * * * * * * * * * * * * * * * * * * * * * * * * * * * * * * * * * * * * * //


650
(
65541 
43019 
38924 
6158 
213007 
231440 
223252 
225305 
61468 
8223 
221218 
20517 
229416 
69673 
53290 
215084 
217136 
219186 
51255 
57 
213052 
231485 
36926 
28737 
63556 
45124 
223302 
225355 
10318 
221263 
32851 
229461 
67673 
18521 
34911 
213097 
231530 
223352 
41083 
221308 
59516 
22652 
225405 
24701 
229506 
215175 
4231 
217227 
219278 
213142 
69782 
231575 
26778 
14492 
57501 
55458 
221353 
65705 
223402 
229551 
225455 
2223 
49328 
12473 
30908 
213187 
231620 
6346 
225486 
61648 
8402 
39124 
16597 
221398 
229596 
223452 
215266 
217318 
47334 
230 
219370 
43243 
213232 
231665 
20721 
63732 
225528 
45305 
53498 
67837 
51454 
221443 
69891 
35080 
229641 
28937 
223502 
10523 
213277 
231710 
4388 
37157 
225574 
18727 
221488 
33076 
229686 
59702 
223548 
215357 
217409 
55619 
219461 
41286 
213322 
231755 
65869 
22866 
24919 
225624 
221533 
57693 
229731 
14698 
2414 
70000 
223601 
213367 
26999 
231800 
49530 
61828 
31108 
8581 
6535 
225674 
221578 
229776 
12689 
406 
215448 
217500 
39324 
219552 
68001 
45473 
213412 
63908 
231845 
223655 
16813 
4532 
221623 
47547 
225724 
229821 
20925 
53701 
51653 
43470 
213457 
29137 
231890 
223709 
70109 
35298 
221668 
229866 
10733 
225774 
59888 
66033 
215539 
18933 
217591 
219644 
55804 
213502 
231935 
37378 
33295 
221713 
57873 
41489 
223763 
229911 
225824 
25122 
23080 
221739 
213547 
231980 
2605 
62008 
14904 
8760 
229956 
49732 
6724 
68165 
582 
223817 
70218 
31308 
215630 
225874 
217682 
64084 
27220 
219736 
213592 
232025 
39524 
4708 
12904 
45673 
230001 
223871 
225924 
213637 
17029 
232070 
51852 
66197 
60055 
53912 
21144 
29337 
47770 
230046 
215721 
43689 
217773 
35501 
223921 
213682 
232115 
219827 
58037 
225974 
70327 
55993 
19139 
10951 
230091 
8920 
41692 
213727 
232160 
37600 
223971 
226020 
62180 
33510 
68329 
25322 
2796 
758 
230136 
6913 
215812 
64260 
15110 
217864 
23304 
213772 
232205 
219918 
49934 
224021 
4887 
226073 
31523 
70436 
230181 
39724 
60208 
27441 
45877 
13109 
213817 
66361 
232250 
230207 
224071 
226126 
52051 
54105 
17245 
215903 
29537 
217955 
213862 
232295 
58215 
230248 
220009 
21353 
9066 
35701 
56182 
47990 
224121 
68474 
19326 
43904 
226179 
62344 
70545 
213907 
232340 
230293 
64417 
934 
224171 
2987 
213933 
11183 
25522 
226229 
41910 
215994 
218046 
37822 
7102 
232385 
230338 
33730 
220100 
5066 
23508 
15316 
50136 
232411 
224221 
66525 
60388 
68583 
213993 
226283 
230383 
39924 
31733 
224252 
70654 
46081 
13314 
27662 
216085 
29718 
218137 
52250 
230428 
54301 
220191 
226336 
58403 
224294 
62508 
19500 
64557 
56371 
9268 
17461 
35901 
214081 
230473 
21582 
226386 
224340 
68692 
1110 
48218 
44124 
216158 
3175 
70763 
218228 
230518 
220282 
25722 
7291 
5245 
66689 
226436 
224390 
11398 
42120 
33930 
60568 
214172 
38045 
23712 
50338 
15522 
230563 
216227 
40105 
226486 
224440 
29887 
68801 
46285 
218319 
13519 
230608 
62672 
64721 
220373 
58583 
70872 
31964 
54497 
52449 
226536 
224490 
27883 
56560 
19701 
214263 
216315 
230653 
36101 
1286 
17677 
3351 
218392 
226586 
9498 
224540 
44324 
21796 
66853 
230698 
68910 
220464 
5424 
48437 
7480 
25922 
70981 
226636 
60748 
224590 
214354 
40274 
34130 
216406 
230743 
50521 
218461 
11613 
23916 
42350 
15728 
64885 
62844 
226686 
38270 
224640 
230788 
220555 
58768 
46489 
30105 
69019 
13724 
226717 
54693 
214445 
56749 
230833 
216497 
52657 
224690 
71090 
218549 
1462 
32185 
19905 
28102 
3527 
67017 
36301 
220628 
230878 
5603 
224740 
17893 
9703 
44524 
50672 
22010 
7678 
60928 
220678 
214536 
69128 
26122 
230923 
216588 
71180 
218640 
224786 
48663 
65049 
40474 
34330 
63024 
220723 
11828 
230968 
24120 
15939 
224839 
42571 
58958 
38489 
220768 
214627 
30308 
231013 
46693 
216679 
54889 
13929 
56938 
218731 
67181 
1650 
69237 
3703 
224892 
52868 
220813 
20109 
231058 
36501 
5782 
32407 
28317 
50860 
224945 
61108 
44724 
9908 
7865 
220858 
65213 
18109 
214718 
231103 
216770 
218822 
22224 
26337 
69346 
34530 
63204 
40677 
224998 
220903 
231148 
48884 
24324 
59144 
12043 
67345 
220948 
16150 
231193 
229146 
214810 
225052 
216861 
218913 
14116 
57127 
3879 
42795 
30508 
55085 
38704 
46897 
1841 
220993 
231238 
229191 
5965 
69455 
225105 
223060 
53080 
20313 
65377 
61288 
36716 
8044 
221038 
51056 
231283 
229236 
32629 
214902 
216952 
28537 
219004 
44924 
223102 
10113 
225155 
212869 
18315 
231309 
63380 
221083 
229281 
22438 
34730 
223152 
40880 
26547 
225205 
212917 
67509 
231350 
69564 
24509 
59330 
221128 
229326 
214993 
14289 
217044 
219095 
4055 
223202 
212962 
12258 
231395 
57316 
49126 
225255 
2032 
55281 
30708 
221173 
229371 
47101 
16381 
)

// ************************************************************************* //
