/*--------------------------------*- C++ -*----------------------------------*\
| =========                 |                                                 |
| \\      /  F ield         | OpenFOAM: The Open Source CFD Toolbox           |
|  \\    /   O peration     | Version:  3.0.1                                 |
|   \\  /    A nd           | Web:      www.OpenFOAM.org                      |
|    \\/     M anipulation  |                                                 |
\*---------------------------------------------------------------------------*/
FoamFile
{
    version     2.0;
    format      binary;
    class       faceSet;
    location    "constant/polyMesh/sets";
    object      planStlX9;
}
// * * * * * * * * * * * * * * * * * * * * * * * * * * * * * * * * * * * * * //


325
(
34822 
211976 
25614 
3086 
24593 
207890 
22553 
33822 
11296 
7200 
5154 
228393 
222249 
210986 
26670 
4142 
37937 
212021 
208950 
14391 
23613 
15421 
207945 
40016 
30800 
12371 
228436 
2134 
210007 
222297 
208987 
29790 
212066 
39016 
13417 
6255 
31856 
16496 
8311 
228479 
27775 
208000 
222345 
141 
20622 
212111 
19602 
35993 
211098 
209051 
28829 
34983 
17576 
228522 
9387 
1197 
210099 
10421 
208055 
222393 
37049 
212156 
3262 
21697 
18626 
32968 
228565 
5333 
25814 
24792 
7389 
4318 
34022 
222441 
212201 
208110 
22767 
40177 
11511 
228608 
209154 
14597 
23817 
211210 
26891 
15627 
210191 
38162 
2325 
212246 
31000 
222489 
29978 
208160 
8490 
228651 
12587 
6444 
39216 
13622 
317 
212291 
16712 
222537 
208205 
32077 
228694 
27994 
20826 
1373 
19806 
36193 
35171 
29029 
4454 
210283 
3438 
212336 
209266 
222585 
211322 
208250 
17792 
9601 
10631 
5512 
228747 
18832 
37270 
21911 
212381 
26014 
33187 
7587 
208295 
34222 
222643 
25014 
228800 
22981 
210375 
11726 
14803 
212436 
208340 
2516 
24021 
8669 
15838 
31200 
209378 
27112 
6633 
211434 
222701 
38381 
493 
228853 
39416 
30200 
208385 
12802 
13827 
4617 
212491 
1561 
3614 
16928 
210467 
222759 
36393 
228906 
20010 
32299 
29229 
208430 
28209 
21045 
5691 
35393 
221762 
212546 
211528 
9806 
209490 
18008 
208475 
19038 
7774 
228959 
222817 
10849 
227941 
22125 
221812 
37492 
26229 
34422 
212601 
33402 
25214 
210559 
208520 
211596 
8848 
2707 
229012 
227994 
222875 
669 
24225 
15009 
23205 
11941 
6822 
221870 
212656 
16049 
208565 
31415 
4796 
39616 
30400 
209602 
211651 
38596 
27333 
229064 
3790 
228047 
13007 
14032 
222933 
1752 
210650 
212711 
221928 
229098 
208620 
5874 
29429 
20214 
17144 
211706 
36608 
228100 
21254 
35593 
32521 
28429 
222990 
7953 
10011 
8987 
212766 
221986 
208675 
18214 
19244 
211761 
209714 
223030 
228153 
34622 
212802 
22339 
25414 
26439 
11081 
210762 
845 
37714 
2898 
33622 
208730 
222044 
7011 
211816 
24429 
228206 
15215 
4975 
23409 
14198 
12156 
3966 
39816 
30600 
31625 
208785 
222102 
1943 
16280 
207771 
13212 
211871 
209823 
38816 
27554 
228259 
6067 
210874 
29629 
20418 
8132 
208840 
222156 
9167 
17360 
35793 
36818 
19410 
228307 
28629 
211926 
207835 
32743 
10216 
21483 
18420 
222201 
209915 
1021 
228350 
208895 
)

// ************************************************************************* //
