/*--------------------------------*- C++ -*----------------------------------*\
| =========                 |                                                 |
| \\      /  F ield         | OpenFOAM: The Open Source CFD Toolbox           |
|  \\    /   O peration     | Version:  3.0.1                                 |
|   \\  /    A nd           | Web:      www.OpenFOAM.org                      |
|    \\/     M anipulation  |                                                 |
\*---------------------------------------------------------------------------*/
FoamFile
{
    version     2.0;
    format      binary;
    class       faceSet;
    location    "constant/polyMesh/sets";
    object      planStlX4;
}
// * * * * * * * * * * * * * * * * * * * * * * * * * * * * * * * * * * * * * //


450
(
13314 
38924 
27662 
6158 
213007 
231440 
223252 
216085 
29718 
225305 
218137 
230428 
220191 
8223 
226336 
20517 
224294 
229416 
215084 
19500 
217136 
219186 
9268 
17461 
57 
213052 
231485 
35901 
36926 
214081 
28737 
223302 
230473 
225355 
21582 
10318 
226386 
32851 
224340 
229461 
1110 
18521 
216158 
34911 
3175 
213097 
231530 
218228 
230518 
223352 
220282 
25722 
7291 
22652 
225405 
24701 
5245 
229506 
226436 
224390 
11398 
215175 
4231 
33930 
217227 
219278 
213142 
231575 
26778 
214172 
14492 
38045 
23712 
15522 
230563 
216227 
40105 
223402 
229551 
225455 
2223 
226486 
224440 
12473 
30908 
29887 
213187 
231620 
6346 
225486 
218319 
13519 
230608 
8402 
39124 
220373 
16597 
229596 
223452 
31964 
215266 
217318 
230 
226536 
224490 
219370 
27883 
213232 
231665 
20721 
19701 
214263 
225528 
216315 
230653 
36101 
1286 
35080 
229641 
28937 
17677 
223502 
3351 
218392 
226586 
9498 
10523 
224540 
213277 
231710 
21796 
4388 
37157 
225574 
18727 
230698 
220464 
5424 
33076 
229686 
7480 
223548 
215357 
217409 
25922 
219461 
213322 
231755 
226636 
224590 
214354 
34130 
22866 
216406 
230743 
24919 
225624 
218461 
11613 
229731 
14698 
23916 
2414 
15728 
223601 
213367 
26999 
231800 
226686 
38270 
224640 
230788 
31108 
8581 
6535 
225674 
220555 
229776 
12689 
406 
215448 
30105 
217500 
39324 
13724 
226717 
219552 
213412 
231845 
223655 
214445 
16813 
230833 
216497 
224690 
4532 
218549 
1462 
32185 
225724 
229821 
20925 
19905 
28102 
3527 
36301 
213457 
29137 
231890 
220628 
223709 
230878 
35298 
5603 
224740 
17893 
9703 
229866 
10733 
225774 
215539 
18933 
217591 
22010 
219644 
213502 
7678 
231935 
37378 
214536 
26122 
230923 
216588 
33295 
218640 
224786 
223763 
229911 
34330 
225824 
25122 
23080 
213547 
231980 
2605 
11828 
230968 
24120 
14904 
8760 
15939 
229956 
6724 
582 
224839 
223817 
31308 
215630 
225874 
217682 
27220 
219736 
213592 
232025 
38489 
214627 
39524 
30308 
4708 
231013 
216679 
12904 
13929 
218731 
230001 
1650 
3703 
224892 
223871 
225924 
213637 
17029 
232070 
20109 
231058 
36501 
5782 
32407 
21144 
29337 
28317 
230046 
215721 
217773 
35501 
224945 
223921 
213682 
232115 
219827 
9908 
225974 
7865 
18109 
214718 
231103 
216770 
19139 
218822 
10951 
230091 
22224 
8920 
213727 
232160 
37600 
26337 
34530 
223971 
226020 
224998 
33510 
25322 
231148 
2796 
758 
230136 
6913 
215812 
24324 
15110 
217864 
23304 
12043 
213772 
232205 
219918 
224021 
16150 
4887 
231193 
226073 
229146 
214810 
225052 
216861 
218913 
31523 
14116 
230181 
3879 
39724 
30508 
38704 
27441 
1841 
13109 
213817 
232250 
230207 
231238 
229191 
224071 
5965 
226126 
225105 
223060 
20313 
17245 
215903 
29537 
217955 
213862 
232295 
230248 
220009 
21353 
9066 
36716 
8044 
231283 
229236 
35701 
32629 
214902 
216952 
224121 
28537 
219004 
223102 
19326 
10113 
226179 
225155 
212869 
18315 
231309 
213907 
232340 
230293 
229281 
22438 
934 
34730 
224171 
2987 
213933 
11183 
223152 
25522 
26547 
226229 
225205 
212917 
231350 
215994 
24509 
218046 
37822 
7102 
232385 
230338 
33730 
220100 
5066 
229326 
214993 
14289 
217044 
23508 
15316 
219095 
4055 
232411 
224221 
223202 
212962 
12258 
231395 
225255 
213993 
226283 
230383 
2032 
39924 
30708 
31733 
229371 
224252 
16381 
)

// ************************************************************************* //
