/*--------------------------------*- C++ -*----------------------------------*\
| =========                 |                                                 |
| \\      /  F ield         | OpenFOAM: The Open Source CFD Toolbox           |
|  \\    /   O peration     | Version:  3.0.1                                 |
|   \\  /    A nd           | Web:      www.OpenFOAM.org                      |
|    \\/     M anipulation  |                                                 |
\*---------------------------------------------------------------------------*/
FoamFile
{
    version     2.0;
    format      binary;
    class       faceSet;
    location    "constant/polyMesh/sets";
    object      planStlX5p25;
}
// * * * * * * * * * * * * * * * * * * * * * * * * * * * * * * * * * * * * * //


1394
(
204800 
102401 
12289 
106501 
106511 
188434 
188437 
188438 
163865 
163868 
16412 
163871 
192546 
192548 
192550 
188470 
188473 
102458 
188475 
8252 
200765 
200767 
200768 
20544 
102465 
192582 
192584 
102472 
192586 
80 
168018 
168022 
168025 
196702 
36958 
196704 
28768 
196705 
36965 
36966 
192618 
192621 
192623 
204916 
172152 
32894 
102529 
102536 
102543 
114832 
114840 
24731 
4257 
114850 
110760 
106670 
110768 
200881 
200883 
200885 
106678 
110778 
106688 
102597 
102603 
102610 
200917 
12502 
200920 
200922 
205022 
8431 
16628 
168189 
196862 
196864 
168192 
256 
196866 
168195 
102665 
20748 
102672 
102680 
196898 
102691 
196901 
172326 
196903 
28968 
102698 
102706 
4410 
102717 
102724 
102732 
37196 
102743 
33113 
102750 
106847 
102758 
106855 
115048 
115055 
115056 
106865 
102769 
102776 
24953 
115066 
110975 
115072 
102784 
110982 
110983 
115080 
115081 
102795 
110993 
102802 
110999 
102810 
111007 
111008 
197025 
8610 
201123 
197027 
201125 
197029 
102821 
201127 
102828 
12718 
432 
102836 
172471 
184766 
102847 
184768 
184770 
197061 
102854 
201159 
197063 
201161 
197065 
201163 
16844 
102862 
4558 
20952 
102873 
102881 
184802 
184804 
184806 
115176 
197097 
102889 
201195 
197100 
201198 
197102 
201200 
115184 
29168 
115192 
205305 
115203 
184838 
184841 
115210 
184843 
107022 
115217 
102930 
107029 
107030 
102938 
115227 
107040 
115234 
111138 
102946 
107046 
115241 
102953 
37417 
111146 
102954 
221742 
107054 
33326 
107055 
111154 
115251 
115258 
111165 
115265 
25153 
111172 
172616 
115275 
111179 
102990 
221775 
115282 
111189 
8789 
102998 
115289 
189019 
111196 
103004 
189021 
103005 
189023 
608 
115299 
111203 
103012 
115306 
103019 
103020 
111213 
115313 
111220 
115323 
111227 
189055 
4737 
189058 
115330 
189059 
111237 
12933 
221833 
115337 
111244 
103056 
193169 
193171 
115347 
111251 
193172 
103064 
115354 
111261 
103070 
103071 
115361 
189091 
111268 
17060 
189094 
103078 
189096 
111275 
103085 
107182 
103086 
21171 
111285 
107190 
29368 
111292 
107198 
221891 
205507 
111299 
107209 
115405 
111309 
107217 
103122 
115411 
111316 
107225 
115418 
103130 
111323 
103136 
103137 
107236 
103144 
107244 
103151 
103152 
8945 
107252 
221949 
107263 
111365 
33541 
37638 
107271 
25353 
111371 
107279 
784 
111378 
103188 
107290 
103196 
107298 
103202 
103203 
107306 
103210 
193326 
193328 
103217 
193330 
103218 
4916 
107317 
222007 
107325 
107333 
111440 
107344 
193362 
13138 
193365 
103254 
193367 
111447 
107352 
111454 
103262 
107360 
103268 
103269 
111464 
107371 
103276 
111471 
222065 
107379 
103283 
103284 
111478 
107387 
17276 
111488 
29568 
21380 
9092 
111495 
21387 
21388 
111502 
111512 
103320 
111519 
103328 
107425 
111526 
103334 
103335 
107433 
222123 
103342 
111536 
107441 
111543 
103353 
111550 
960 
103361 
111560 
103369 
111567 
25553 
103380 
111574 
205786 
103387 
111584 
33761 
103395 
37861 
111591 
5095 
107500 
111598 
103406 
107507 
103413 
111608 
107514 
103421 
111615 
107524 
111622 
103432 
107531 
103439 
111632 
107538 
103447 
111640 
160795 
107548 
160799 
13343 
111648 
160802 
103458 
107555 
103465 
107562 
193580 
193582 
193584 
185393 
103473 
29746 
185395 
115764 
107572 
185397 
107579 
103484 
107586 
103491 
103499 
107596 
193616 
9297 
193618 
107603 
193620 
17492 
185429 
103510 
185431 
185433 
107610 
103517 
107620 
103525 
107627 
21611 
103536 
1136 
107634 
193652 
193655 
103543 
193657 
185465 
111739 
185468 
107644 
205950 
185470 
103551 
111745 
107651 
111751 
111752 
107658 
111763 
107668 
25753 
5274 
107675 
107682 
103589 
33961 
103595 
107692 
42159 
103603 
107700 
107708 
189639 
38088 
189641 
189642 
115924 
29917 
160992 
160996 
160999 
13548 
107757 
103661 
103664 
201969 
107763 
165108 
201973 
197879 
165112 
107769 
103673 
197882 
107770 
201979 
165115 
103676 
197890 
103684 
107781 
111879 
103687 
111887 
103695 
103698 
202004 
202007 
111897 
197915 
103707 
197918 
103710 
202015 
1312 
197926 
103718 
103721 
17706 
103729 
103732 
9527 
202040 
202045 
103741 
197951 
202048 
103744 
21825 
197956 
197959 
103752 
103755 
5453 
103763 
103766 
103775 
25953 
103778 
189796 
189798 
189800 
103786 
103789 
34161 
103797 
103800 
103809 
103812 
189832 
189835 
103820 
222605 
189837 
103823 
42389 
103831 
103834 
107931 
165279 
165283 
107939 
103843 
38307 
161189 
165286 
103846 
161193 
161196 
107949 
103854 
103857 
103865 
13753 
30139 
103868 
103877 
222664 
103880 
103888 
1488 
103891 
103899 
103903 
103911 
103914 
103922 
103925 
116215 
103931 
5632 
17921 
222722 
103939 
112132 
9732 
112140 
103949 
169488 
169492 
169495 
112151 
22039 
26153 
34361 
103995 
222780 
226881 
104001 
104007 
104008 
165450 
165454 
165457 
104019 
190044 
190046 
190048 
161386 
161390 
108143 
161393 
42612 
222838 
108151 
38520 
190080 
108161 
190082 
30339 
190084 
13958 
1676 
186016 
186018 
186019 
190116 
190119 
190121 
194219 
194221 
194223 
222896 
5811 
116406 
194255 
194257 
104145 
9937 
194259 
169685 
104153 
18137 
169692 
104163 
169701 
222953 
22253 
194291 
165621 
194294 
194296 
165625 
112377 
165628 
26368 
112385 
34561 
112396 
223010 
161583 
161587 
161590 
108349 
14141 
108357 
30539 
1867 
108367 
38735 
42835 
186211 
186213 
186215 
5994 
186247 
186250 
186252 
104340 
104348 
10142 
165792 
165796 
104358 
165799 
18343 
22467 
34761 
26579 
116695 
26586 
26587 
169953 
202728 
112617 
169962 
14314 
202732 
169967 
112624 
202738 
161780 
161783 
161786 
112635 
2058 
108555 
202764 
202768 
108563 
30739 
202774 
108573 
38955 
6187 
202799 
198707 
43059 
202804 
198710 
202807 
198718 
165963 
165966 
165969 
104529 
198744 
104537 
198748 
198754 
104547 
10347 
18549 
198779 
34939 
198784 
198787 
22681 
186526 
186528 
186530 
116899 
170157 
170166 
14520 
112825 
170171 
112833 
26817 
186562 
186565 
186566 
2249 
112843 
108761 
190683 
30939 
190685 
190687 
108769 
186598 
6375 
186601 
186603 
108779 
39155 
190719 
190721 
190723 
104718 
104726 
194840 
43288 
194842 
194844 
104736 
190755 
190758 
35110 
190760 
10552 
194876 
194878 
194880 
18755 
170330 
170334 
194912 
170337 
194915 
182628 
194917 
182630 
182632 
22893 
14726 
182664 
2440 
182667 
182669 
113041 
113048 
113049 
27038 
113059 
31139 
117156 
6564 
108965 
113065 
108972 
108973 
113073 
113074 
108983 
39355 
108989 
108997 
108998 
104907 
104915 
104925 
43507 
35332 
170501 
170504 
10762 
170507 
113163 
18961 
113171 
113179 
100896 
113190 
100903 
113197 
100910 
113204 
113214 
23107 
113221 
2631 
109128 
113228 
109136 
182867 
14932 
182869 
113238 
182871 
109144 
113245 
6753 
109155 
113252 
100967 
109162 
31339 
113262 
100974 
109169 
113269 
100981 
182903 
182905 
182907 
109179 
27259 
113276 
109186 
39555 
113286 
105094 
109193 
113293 
105101 
105102 
109203 
113300 
105112 
109210 
182939 
182942 
113310 
105118 
182944 
109217 
113317 
105126 
105127 
109227 
113324 
101038 
109234 
101045 
113334 
109241 
101052 
113341 
109251 
113348 
109258 
35532 
109265 
109275 
19167 
109282 
10980 
109289 
10987 
10988 
113393 
109299 
101109 
113399 
109306 
101116 
113406 
109313 
101123 
2822 
187156 
187158 
187160 
203547 
203550 
6942 
203554 
15138 
23331 
109353 
109359 
109366 
187192 
187195 
187196 
113468 
101180 
203583 
31554 
203587 
113475 
101187 
191304 
203593 
191306 
113482 
101194 
39755 
191308 
113492 
105303 
27480 
113499 
187228 
187231 
199520 
187233 
105313 
113506 
203619 
199523 
203621 
199526 
105321 
203626 
191340 
113516 
191342 
191344 
109425 
113523 
109432 
105336 
113530 
158587 
105339 
158590 
109439 
158593 
101251 
113540 
105348 
199557 
195461 
195463 
105351 
199561 
195465 
109449 
101258 
113547 
199567 
105359 
191376 
109456 
101265 
113554 
105362 
191379 
35732 
191381 
19350 
109463 
105370 
113564 
105373 
109473 
113571 
105382 
109480 
199593 
195497 
105385 
113578 
199595 
195499 
195501 
109487 
199600 
105393 
113588 
105396 
109497 
113595 
105404 
105407 
109504 
113602 
3013 
109511 
105416 
101322 
105419 
113612 
195533 
11214 
195536 
109521 
101329 
195538 
113619 
105427 
105430 
109528 
101336 
113626 
7131 
105438 
109535 
105441 
113636 
109545 
105450 
113643 
105453 
23535 
109552 
15344 
113650 
105461 
109559 
105464 
113660 
105472 
109569 
105475 
113668 
109576 
113676 
105484 
109583 
105487 
101393 
39955 
31765 
105495 
101400 
109593 
105498 
31772 
31773 
101407 
109600 
105506 
105509 
109607 
105518 
109617 
105521 
27701 
158776 
109625 
105529 
158779 
105532 
158782 
109633 
105540 
19524 
105543 
105552 
105555 
101464 
105563 
35932 
105566 
101471 
113766 
101478 
113772 
113778 
113779 
113790 
105601 
3201 
105605 
105612 
105614 
105618 
7320 
109721 
109727 
101535 
109733 
11429 
109734 
101542 
101549 
109745 
23739 
15550 
163010 
40133 
163014 
163017 
105675 
105683 
183512 
183514 
105691 
183516 
105702 
101606 
101613 
105710 
101620 
158965 
105718 
158968 
158971 
183548 
183550 
183552 
105729 
32003 
105737 
27920 
19728 
105745 
113947 
105756 
183584 
183587 
113955 
105764 
36132 
183589 
105772 
113965 
101677 
3377 
101684 
105783 
101691 
105791 
105799 
167247 
105810 
167251 
7509 
167254 
109910 
105818 
109918 
105826 
109928 
163181 
105837 
163185 
163188 
101748 
105845 
101755 
11644 
105853 
187777 
101762 
187779 
187781 
23943 
105864 
204171 
15756 
204174 
204175 
105872 
105880 
105891 
187813 
187816 
187817 
105899 
204207 
204209 
159154 
204211 
105907 
191925 
159157 
191927 
159160 
191929 
101819 
101826 
187849 
101833 
187852 
200142 
187854 
200144 
200146 
204243 
204246 
204248 
191961 
191963 
19932 
191965 
105953 
32225 
3553 
28133 
105959 
36332 
105965 
105966 
200178 
196082 
200180 
196084 
200182 
196086 
105977 
191997 
192000 
192002 
101890 
101897 
101904 
167441 
114196 
200214 
196118 
167446 
196120 
163352 
200217 
196122 
200219 
7707 
163356 
114204 
167453 
163359 
114215 
110127 
110135 
196154 
196157 
196159 
110145 
101961 
101968 
24147 
11859 
101975 
15968 
159343 
159346 
159349 
102032 
3729 
102039 
106136 
102046 
106144 
20136 
106154 
36532 
28348 
32446 
163523 
163527 
163530 
114379 
114387 
7894 
102103 
167642 
114398 
102110 
167649 
102117 
171750 
167658 
110338 
110346 
110356 
102174 
24351 
102181 
12074 
159532 
102188 
159534 
159537 
16179 
16186 
16187 
3905 
184139 
106316 
184141 
184143 
106324 
106334 
102245 
102252 
163694 
184175 
184177 
163698 
184179 
102259 
20340 
163701 
8073 
36747 
184211 
184214 
184216 
28568 
171931 
32668 
167843 
167850 
102316 
167859 
102323 
102330 
114624 
114631 
114642 
24532 
110549 
110557 
110567 
188398 
188400 
4081 
188402 
102387 
102394 
204797 
106493 
204799 
)

// ************************************************************************* //
