/*--------------------------------*- C++ -*----------------------------------*\
| =========                 |                                                 |
| \\      /  F ield         | OpenFOAM: The Open Source CFD Toolbox           |
|  \\    /   O peration     | Version:  3.0.1                                 |
|   \\  /    A nd           | Web:      www.OpenFOAM.org                      |
|    \\/     M anipulation  |                                                 |
\*---------------------------------------------------------------------------*/
FoamFile
{
    version     2.0;
    format      binary;
    class       faceSet;
    location    "constant/polyMesh/sets";
    object      planStlX2;
}
// * * * * * * * * * * * * * * * * * * * * * * * * * * * * * * * * * * * * * //


450
(
223232 
8193 
215044 
225285 
20487 
230408 
217096 
219146 
226316 
19470 
224274 
229396 
35861 
36886 
9238 
17431 
214041 
28697 
27 
213032 
231465 
32811 
21552 
10288 
223282 
230453 
225335 
1080 
18491 
226366 
224320 
216128 
229441 
34881 
3145 
218188 
220242 
25682 
213077 
24661 
231510 
7261 
22622 
215135 
5215 
230498 
33890 
217187 
223332 
219238 
11368 
225385 
4201 
229486 
226416 
224370 
26738 
214132 
38005 
14462 
213122 
23682 
231555 
15492 
216197 
40075 
230543 
2193 
30868 
223382 
29847 
229531 
225435 
12443 
226466 
224420 
218279 
39084 
6316 
220333 
213167 
231600 
13489 
31924 
8372 
16567 
215226 
230588 
217278 
219330 
27843 
225476 
229576 
223432 
200 
214223 
216275 
20691 
226516 
224470 
19671 
213212 
231645 
36061 
35040 
28897 
225508 
1256 
230633 
17647 
229621 
3321 
223482 
218362 
9468 
37117 
10493 
226566 
21766 
224520 
220424 
213257 
18697 
231690 
33036 
4368 
225554 
5394 
215317 
230678 
217369 
25882 
7450 
219421 
229666 
24869 
223528 
214314 
34090 
216366 
22836 
213302 
231735 
226616 
224570 
218431 
11583 
230723 
225604 
14668 
23886 
229711 
26959 
2384 
15698 
38230 
31068 
223581 
220515 
213347 
231780 
30055 
8551 
6505 
226666 
224620 
230768 
215408 
12659 
217460 
39284 
225654 
219512 
376 
229756 
13694 
214405 
216457 
218509 
16783 
213392 
231825 
32145 
226707 
223635 
4502 
1432 
230813 
224670 
28062 
20895 
19875 
36261 
225704 
229801 
29097 
3497 
35248 
220598 
213437 
231870 
5573 
17863 
223689 
9673 
230858 
215499 
217551 
10703 
224720 
219604 
229846 
18903 
225754 
37338 
21980 
214496 
7648 
26082 
216548 
33255 
218600 
213482 
231915 
34290 
230903 
25082 
224766 
223743 
229891 
23050 
225804 
2575 
11798 
213527 
231960 
24090 
14874 
8730 
230948 
31268 
15909 
215590 
6694 
552 
217642 
27180 
229936 
219696 
38449 
224819 
223797 
214587 
39484 
30268 
225854 
216639 
218691 
213572 
232005 
4678 
12874 
13899 
230993 
1620 
3673 
229981 
16999 
224872 
223851 
36461 
32367 
20079 
225904 
213617 
29297 
232050 
28277 
5752 
21114 
231038 
215681 
217733 
35461 
230026 
219787 
214678 
9878 
216730 
7835 
224925 
223901 
218782 
213662 
232095 
18079 
225954 
19109 
10921 
231083 
22194 
230071 
37560 
26297 
34490 
33470 
25282 
8900 
213707 
232140 
2766 
223951 
226000 
224978 
231128 
728 
215772 
217824 
6883 
230116 
219878 
24294 
15080 
23274 
12013 
214770 
216821 
213752 
16120 
232185 
218873 
4857 
31483 
224001 
39684 
30468 
231173 
226053 
229126 
225032 
38664 
27401 
3849 
14096 
230161 
1811 
13079 
213797 
232230 
5935 
231218 
229171 
224051 
230197 
215863 
29497 
226106 
217915 
20283 
225085 
17215 
219969 
36676 
223050 
21323 
9036 
35661 
32589 
214862 
8014 
216912 
28497 
213842 
232275 
230228 
218964 
231263 
229216 
10083 
224101 
212839 
223082 
19306 
18285 
226159 
225135 
213887 
232320 
230273 
34690 
231299 
22408 
904 
25482 
26507 
229261 
2957 
11153 
215954 
218006 
37782 
224151 
33690 
223132 
220060 
7072 
226209 
225185 
212897 
231330 
213923 
214953 
24489 
217004 
5036 
232365 
230318 
219055 
14259 
23478 
15286 
4025 
229306 
12228 
224201 
213963 
39884 
30668 
31693 
223182 
212942 
231375 
232401 
2002 
225235 
226263 
230363 
16351 
38884 
13284 
27622 
229351 
216045 
6128 
218097 
224242 
220151 
29688 
212987 
231420 
)

// ************************************************************************* //
