/*--------------------------------*- C++ -*----------------------------------*\
| =========                 |                                                 |
| \\      /  F ield         | OpenFOAM: The Open Source CFD Toolbox           |
|  \\    /   O peration     | Version:  3.0.1                                 |
|   \\  /    A nd           | Web:      www.OpenFOAM.org                      |
|    \\/     M anipulation  |                                                 |
\*---------------------------------------------------------------------------*/
FoamFile
{
    version     2.0;
    format      binary;
    class       faceSet;
    location    "constant/polyMesh/sets";
    object      planX9;
}
// * * * * * * * * * * * * * * * * * * * * * * * * * * * * * * * * * * * * * //


500
(
67584 
34822 
211976 
25614 
3086 
40975 
24593 
207890 
68633 
22553 
42012 
33822 
11296 
7200 
5154 
59427 
66600 
228393 
222249 
210986 
26670 
4142 
70704 
37937 
212021 
208950 
50230 
14391 
23613 
15421 
60479 
57412 
49220 
207945 
65616 
40016 
30800 
12371 
228436 
2134 
210007 
222297 
208987 
69723 
55388 
29790 
46177 
212066 
39016 
13417 
6255 
31856 
16496 
62583 
61559 
8311 
64632 
47226 
58494 
228479 
43135 
27775 
208000 
68742 
54408 
52360 
222345 
141 
20622 
212111 
19602 
56471 
35993 
211098 
209051 
63643 
70813 
28829 
45216 
53409 
67748 
51365 
34983 
17576 
228522 
9387 
1197 
210099 
10421 
208055 
44216 
222393 
37049 
212156 
3262 
21697 
18626 
69832 
32968 
48329 
66764 
228565 
5333 
25814 
24792 
41178 
59613 
7389 
4318 
34022 
222441 
212201 
208110 
22767 
40177 
68851 
60659 
65780 
55541 
11511 
228608 
50432 
209154 
42242 
57604 
14597 
23817 
211210 
70922 
26891 
15627 
49422 
210191 
38162 
2325 
212246 
31000 
222489 
29978 
64796 
208160 
62755 
8490 
228651 
61739 
12587 
6444 
46381 
39216 
69941 
13622 
58679 
317 
45376 
212291 
67912 
16712 
222537 
63819 
54604 
208205 
32077 
47439 
56660 
228694 
52568 
27994 
20826 
1373 
19806 
68960 
36193 
43362 
35171 
29029 
4454 
210283 
53612 
51564 
3438 
212336 
66928 
209266 
71031 
222585 
211322 
208250 
44416 
17792 
9601 
10631 
5512 
228747 
18832 
37270 
59799 
21911 
65944 
212381 
26014 
70050 
50594 
55715 
33187 
7587 
41381 
208295 
60839 
48555 
40366 
34222 
222643 
25014 
57784 
228800 
64960 
22981 
210375 
69069 
11726 
14803 
212436 
208340 
2516 
24021 
62935 
49624 
8669 
15838 
61919 
42463 
31200 
209378 
71140 
27112 
6633 
211434 
68076 
222701 
38381 
493 
228853 
58869 
39416 
30200 
46585 
63995 
45565 
208385 
12802 
13827 
4617 
212491 
70159 
54800 
56849 
67092 
1561 
3614 
16928 
210467 
71205 
222759 
36393 
228906 
20010 
52779 
32299 
29229 
208430 
47662 
28209 
51763 
21045 
69178 
5691 
66108 
43581 
53823 
35393 
221762 
212546 
211528 
44616 
9806 
59985 
209490 
50771 
18008 
208475 
61019 
57948 
19038 
7774 
228959 
55904 
222817 
10849 
65124 
227941 
22125 
41584 
221812 
37492 
26229 
34422 
212601 
40569 
33402 
70268 
25214 
210559 
208520 
48776 
63115 
62091 
211596 
68240 
8848 
2707 
229012 
227994 
222875 
669 
24225 
15009 
49826 
23205 
11941 
6822 
69287 
64171 
221870 
59055 
212656 
16049 
208565 
31415 
67256 
4796 
42687 
39616 
30400 
209602 
211651 
38596 
46789 
27333 
229064 
45769 
57038 
3790 
228047 
13007 
14032 
54996 
222933 
1752 
210650 
66272 
60130 
212711 
221928 
70377 
229098 
208620 
5874 
29429 
20214 
17144 
211706 
51962 
52991 
54016 
36608 
228100 
21254 
65288 
35593 
32521 
47882 
28429 
222990 
58126 
61199 
44816 
7953 
69396 
43796 
50967 
10011 
8987 
56093 
212766 
221986 
208675 
18214 
19244 
62255 
211761 
209714 
68404 
223030 
228153 
63291 
34622 
212802 
22339 
40772 
25414 
26439 
11081 
210762 
41802 
845 
37714 
2898 
70486 
33622 
208730 
64347 
222044 
67420 
7011 
211816 
59241 
50028 
24429 
228206 
15215 
4975 
23409 
14198 
49018 
12156 
3966 
69505 
66436 
39816 
30600 
31625 
60299 
57227 
208785 
46993 
45973 
222102 
1943 
55192 
16280 
207771 
13212 
211871 
209823 
42911 
38816 
27554 
228259 
68524 
65452 
6067 
210874 
29629 
52161 
20418 
70595 
61379 
54212 
8132 
208840 
58314 
222156 
9167 
17360 
53201 
35793 
36818 
19410 
228307 
62419 
28629 
211926 
45016 
56282 
207835 
51166 
64479 
32743 
10216 
63467 
21483 
69614 
48110 
44016 
18420 
222201 
209915 
1021 
228350 
208895 
)

// ************************************************************************* //
