/*--------------------------------*- C++ -*----------------------------------*\
| =========                 |                                                 |
| \\      /  F ield         | OpenFOAM: The Open Source CFD Toolbox           |
|  \\    /   O peration     | Version:  3.0.1                                 |
|   \\  /    A nd           | Web:      www.OpenFOAM.org                      |
|    \\/     M anipulation  |                                                 |
\*---------------------------------------------------------------------------*/
FoamFile
{
    version     2.0;
    format      binary;
    class       faceSet;
    location    "constant/polyMesh/sets";
    object      planStlX6;
}
// * * * * * * * * * * * * * * * * * * * * * * * * * * * * * * * * * * * * * //


925
(
104448 
4097 
172034 
104458 
12309 
186391 
208920 
190489 
114715 
159772 
186398 
190496 
2080 
186401 
159777 
165922 
190499 
114723 
30755 
165927 
159783 
167977 
114733 
167982 
165935 
110640 
16433 
167990 
110648 
194619 
38971 
186428 
190526 
186432 
6209 
194626 
190530 
110658 
112708 
194629 
186438 
116807 
190536 
43082 
8266 
208972 
112716 
20562 
112726 
106584 
204893 
211038 
194655 
106592 
96 
204899 
204901 
170085 
194662 
108646 
194665 
170090 
106602 
161899 
209006 
108654 
161903 
28784 
170098 
161910 
108664 
10361 
36995 
194692 
18566 
194696 
34953 
194702 
163984 
32915 
163988 
200858 
163995 
200864 
200866 
24747 
22702 
4273 
104628 
204986 
104637 
166085 
209094 
104647 
14537 
166090 
211150 
166097 
168148 
26838 
168153 
184539 
2271 
168161 
184546 
172259 
184549 
162022 
196839 
162026 
114923 
30955 
196845 
196847 
162031 
12528 
114931 
114941 
8445 
6397 
184575 
110851 
39171 
184582 
164102 
184585 
106761 
16649 
164106 
110859 
164110 
272 
106769 
112916 
110869 
200982 
117018 
106779 
112924 
20766 
200991 
200995 
184612 
112934 
184616 
43309 
184622 
170289 
108852 
209206 
170294 
35126 
28984 
166201 
108860 
166205 
211262 
170302 
201025 
166209 
201029 
108870 
10568 
4424 
201035 
196941 
196948 
18772 
196951 
37217 
33134 
205168 
196977 
104817 
196981 
203128 
104826 
196987 
188798 
203135 
168320 
203138 
104836 
188805 
168325 
22919 
188808 
24969 
168332 
14743 
172440 
203164 
2462 
188834 
203171 
209318 
203174 
188841 
188844 
211374 
8624 
31155 
27059 
192949 
106938 
6586 
192956 
192959 
12736 
448 
203201 
115138 
106946 
199108 
203205 
182726 
188871 
203211 
199115 
188875 
39371 
106956 
182733 
199118 
115150 
182736 
188881 
192985 
115161 
170460 
4572 
192992 
170465 
16865 
192995 
113125 
199144 
170473 
182766 
199151 
20976 
113137 
199154 
182770 
168439 
182776 
168443 
113148 
111100 
193022 
168447 
29184 
193026 
109060 
193032 
111112 
43528 
199181 
109069 
199185 
111123 
35348 
209430 
199191 
109081 
211483 
18978 
10788 
172584 
105006 
221747 
186935 
105015 
186942 
37439 
186945 
105025 
227911 
33352 
25169 
221782 
186971 
23133 
2653 
186978 
8803 
186981 
14949 
107112 
191083 
211566 
624 
191090 
107122 
191093 
6775 
227964 
107135 
187008 
31361 
205442 
187012 
170629 
209542 
187018 
170634 
191119 
4751 
221840 
27280 
170641 
39571 
12947 
191126 
191129 
211621 
195240 
158378 
195247 
158384 
228017 
195250 
172722 
191156 
158390 
191160 
17081 
191166 
29384 
21193 
221898 
195276 
195283 
195286 
211676 
35548 
228070 
19184 
195313 
195317 
209654 
195323 
170748 
193277 
8957 
170752 
193283 
221956 
170756 
193285 
11016 
105229 
211731 
105239 
25369 
228123 
2844 
37661 
33565 
800 
105251 
15155 
6964 
23349 
222014 
156481 
4930 
201541 
197446 
156488 
211786 
201548 
197453 
185166 
201551 
156495 
228176 
197456 
205650 
185173 
185176 
31576 
39771 
13152 
209764 
201577 
197485 
27501 
207726 
201584 
185202 
201587 
197494 
222072 
185209 
197498 
185212 
211841 
228229 
160649 
201614 
160654 
29584 
17297 
201618 
160659 
9107 
197525 
185239 
201624 
197529 
185243 
197535 
185249 
35748 
19365 
21417 
222128 
156594 
156599 
228280 
211896 
207805 
156605 
976 
193491 
193499 
3035 
193503 
25569 
11234 
211949 
189422 
158703 
33777 
7153 
207860 
158708 
189429 
183285 
5109 
189432 
158715 
193532 
183292 
37884 
183295 
193536 
23553 
15361 
193542 
189458 
189465 
183321 
189468 
183328 
183331 
39971 
207915 
13357 
189495 
156727 
189499 
31805 
183358 
156735 
29760 
189505 
183362 
162887 
183368 
156744 
27722 
162891 
162895 
19542 
205912 
9312 
207970 
17513 
35948 
164982 
164987 
21631 
164992 
1152 
115842 
113809 
3217 
208025 
160925 
113822 
111776 
160930 
187556 
5288 
25769 
160938 
203947 
187563 
113835 
111787 
167084 
158892 
187566 
7342 
158897 
203954 
167090 
203957 
167096 
158904 
111801 
33977 
11449 
187592 
156872 
23757 
187599 
15567 
208080 
156880 
203986 
187602 
40147 
191704 
203993 
156889 
203996 
38109 
191711 
191714 
109804 
187629 
29933 
199921 
187633 
204023 
187639 
199928 
109816 
13562 
204027 
199931 
191740 
204033 
191747 
208133 
191750 
109830 
206094 
199957 
195861 
32024 
199964 
195868 
199967 
195871 
191777 
19746 
191781 
27941 
191787 
1328 
189747 
36148 
195897 
189753 
199994 
189755 
199998 
195904 
107840 
3393 
195907 
200004 
163140 
17732 
9541 
163144 
107852 
116046 
163153 
21846 
157017 
107865 
5467 
195934 
157025 
195938 
161122 
161127 
195944 
159081 
111977 
157034 
7531 
228717 
159086 
161135 
25969 
111986 
159093 
165238 
165243 
114044 
111997 
34177 
165251 
114052 
114062 
11664 
222612 
169365 
169369 
23961 
169373 
15775 
228770 
42410 
110005 
212406 
38328 
110014 
185793 
13767 
193992 
185800 
110025 
185803 
30155 
222671 
193999 
167377 
194002 
167382 
228823 
167390 
185829 
1510 
157162 
185836 
212461 
19950 
194031 
185839 
163311 
3569 
157170 
163316 
32246 
194040 
108025 
157179 
194044 
163324 
36348 
28159 
108033 
222729 
185866 
108043 
228876 
185870 
5646 
9746 
185876 
189973 
17942 
194071 
194075 
189981 
189983 
194081 
165409 
212516 
165414 
159270 
161319 
159275 
161324 
22060 
7725 
165422 
159282 
161332 
106037 
190014 
26175 
106048 
228929 
190017 
222787 
190023 
34377 
106060 
212571 
112224 
24165 
104038 
11879 
183912 
112232 
116331 
183919 
114288 
183922 
112242 
104051 
228982 
15990 
114296 
157307 
222845 
104064 
202369 
114306 
157315 
202376 
198280 
110218 
42634 
202379 
183948 
157324 
198287 
212626 
198290 
169618 
110226 
38546 
183955 
30355 
13972 
183958 
169623 
167575 
163482 
167580 
110236 
169631 
163487 
3745 
1698 
167588 
202405 
163495 
229034 
202412 
198316 
202415 
183985 
198323 
183989 
198326 
222903 
20154 
183995 
5827 
212681 
202442 
108234 
36554 
165580 
208590 
202446 
198353 
165585 
108242 
202452 
32468 
28372 
198357 
165593 
229083 
198363 
108252 
9951 
159459 
7908 
159464 
18154 
161516 
159471 
222960 
161521 
106230 
161529 
106238 
212736 
157440 
22274 
208645 
157448 
106248 
210702 
157454 
188177 
34577 
26390 
188184 
188187 
204577 
223015 
114471 
204584 
204587 
116524 
186159 
114479 
24369 
212787 
188213 
186165 
186167 
114489 
104250 
208700 
188220 
12094 
188223 
104259 
204613 
192325 
163653 
14153 
163658 
204620 
192332 
104269 
204623 
192335 
3921 
163666 
112469 
171863 
16216 
188250 
169819 
30555 
112477 
110429 
188254 
169824 
167776 
1889 
200548 
188260 
167781 
110437 
112487 
38759 
169832 
192361 
204650 
42858 
200555 
167789 
204654 
200558 
110447 
192368 
208755 
192371 
204660 
165751 
165756 
6012 
210814 
165764 
196485 
20358 
200584 
157577 
196492 
157581 
192398 
200591 
196495 
159631 
200594 
192402 
157586 
159635 
8087 
192408 
108440 
159641 
108448 
36769 
106407 
28584 
196521 
208810 
108458 
10156 
200621 
106415 
196528 
200625 
161713 
32690 
196531 
161718 
200631 
18360 
106425 
161726 
196558 
196562 
196568 
22488 
34777 
208865 
24548 
210926 
163824 
190453 
163829 
104439 
26619 
14331 
190460 
163837 
190463 
)

// ************************************************************************* //
