/*--------------------------------*- C++ -*----------------------------------*\
| =========                 |                                                 |
| \\      /  F ield         | OpenFOAM: The Open Source CFD Toolbox           |
|  \\    /   O peration     | Version:  3.0.1                                 |
|   \\  /    A nd           | Web:      www.OpenFOAM.org                      |
|    \\/     M anipulation  |                                                 |
\*---------------------------------------------------------------------------*/
FoamFile
{
    version     2.0;
    format      binary;
    class       faceSet;
    location    "constant/polyMesh/sets";
    object      planX4p75;
}
// * * * * * * * * * * * * * * * * * * * * * * * * * * * * * * * * * * * * * //


1679
(
118792 
118795 
102414 
16398 
118799 
65553 
118803 
102421 
102428 
225315 
172067 
172072 
61480 
172077 
8240 
69681 
20532 
118837 
53302 
53305 
53307 
53309 
118846 
53311 
53312 
118849 
53313 
53314 
118853 
72 
118857 
36945 
114772 
28756 
225365 
102485 
45142 
102492 
114781 
102499 
159845 
114789 
32869 
118891 
110699 
159852 
110706 
159859 
118900 
118903 
110714 
118907 
118911 
225415 
41101 
24722 
106643 
159895 
4247 
106650 
102556 
159902 
69790 
118945 
106657 
102562 
159909 
102569 
57513 
118954 
118957 
57517 
57519 
57520 
118961 
57521 
57522 
164020 
57524 
118965 
65717 
57526 
225465 
164027 
164035 
49348 
159945 
12490 
159952 
118998 
159959 
119004 
61660 
102621 
119007 
119011 
8419 
102628 
119013 
16614 
102635 
246 
159995 
119038 
119040 
20736 
160002 
119042 
119043 
45319 
160009 
53514 
69899 
28956 
114983 
160045 
114990 
225584 
164144 
4400 
160052 
164151 
37175 
115002 
160059 
110910 
164159 
110915 
106820 
33094 
119113 
119114 
119115 
106827 
110927 
106834 
41304 
65881 
78170 
160095 
225634 
164196 
160102 
57705 
164203 
78188 
160109 
24941 
164211 
70008 
49550 
61840 
160145 
225684 
119188 
61844 
119189 
119190 
61846 
8598 
160151 
164248 
160158 
164255 
12706 
168355 
422 
164263 
78248 
168362 
78259 
168372 
45493 
16830 
4548 
78277 
225734 
164300 
20940 
156110 
164307 
156117 
53718 
160215 
164315 
156124 
160222 
119263 
119264 
119265 
29156 
160229 
70117 
106997 
225784 
102904 
156154 
107004 
66045 
102911 
164352 
156161 
78337 
107011 
160262 
164359 
156168 
102920 
78348 
160269 
164367 
160276 
37396 
57885 
78366 
168480 
33313 
41507 
168487 
156201 
225834 
119338 
119339 
119340 
156208 
168497 
164404 
25141 
102966 
156215 
160312 
164411 
102973 
160319 
164419 
102980 
62020 
160326 
8777 
70226 
598 
168536 
156248 
49752 
78426 
225884 
168543 
156255 
78437 
156262 
164456 
168553 
160362 
164462 
160369 
119413 
4725 
164470 
119414 
119415 
78455 
160376 
103032 
12921 
45693 
103039 
103046 
156295 
225934 
156302 
168592 
156309 
17046 
168599 
160412 
168609 
66209 
160419 
21159 
53929 
160426 
115372 
29356 
164526 
115375 
164531 
78515 
156342 
115384 
103098 
164541 
156349 
78526 
70335 
119488 
115392 
119489 
103105 
58049 
119490 
115394 
156356 
168648 
103112 
160462 
168655 
78544 
172753 
160469 
168665 
172762 
160476 
164576 
172769 
8932 
164581 
156389 
115430 
111334 
111336 
156396 
226030 
41710 
164591 
115439 
111344 
62192 
37618 
156403 
115447 
111352 
33528 
111354 
103164 
25341 
168704 
160512 
103171 
774 
168711 
160519 
119562 
103178 
119563 
119564 
78604 
119565 
160526 
168721 
156436 
164629 
78615 
164634 
156442 
111386 
111389 
156449 
49954 
226083 
164644 
111397 
4904 
78633 
70444 
111406 
160562 
168760 
160568 
172859 
103230 
168767 
160575 
172868 
103237 
66373 
13126 
168777 
45897 
164682 
172875 
103244 
164687 
119633 
119634 
119636 
226136 
164697 
78693 
54122 
17262 
172911 
168816 
78704 
58227 
29556 
168822 
58231 
21367 
172920 
58233 
58234 
9082 
58235 
58236 
58237 
172927 
164735 
58239 
103296 
78722 
168835 
164740 
103303 
168840 
107402 
164750 
103310 
107408 
62356 
119705 
107417 
70553 
119709 
172963 
119718 
119720 
172972 
172979 
164788 
950 
164793 
107453 
78782 
226239 
168896 
164803 
107460 
25541 
168903 
41928 
78793 
107469 
168913 
37841 
33748 
119765 
173015 
119768 
119771 
78811 
5083 
173024 
173031 
164841 
66537 
50156 
164846 
226293 
168949 
115702 
164856 
168956 
119804 
115711 
119808 
119811 
168966 
70662 
115721 
173067 
13331 
173076 
119828 
46101 
119832 
173083 
119836 
78876 
164894 
119839 
164899 
29733 
78886 
226346 
111660 
169005 
111663 
164912 
58419 
169012 
119860 
164917 
119861 
119863 
78903 
62520 
54328 
111676 
169022 
173119 
111684 
9285 
111686 
17478 
173128 
173135 
119895 
119896 
226396 
119901 
21597 
119902 
119903 
169061 
1126 
169068 
173171 
70771 
169078 
173178 
119934 
119935 
119936 
173185 
66701 
25741 
226446 
103566 
5262 
103572 
42138 
33948 
169117 
103581 
119967 
119968 
119969 
169124 
115880 
169134 
115886 
38063 
115894 
50358 
103615 
226496 
120000 
120001 
120002 
103622 
111817 
107723 
103629 
111823 
107730 
29908 
169173 
111835 
169180 
62684 
107741 
70880 
13536 
120033 
46305 
120034 
120035 
169190 
58608 
226546 
54524 
120066 
120067 
120068 
169229 
169236 
1302 
169246 
17694 
120099 
226596 
120100 
120101 
9515 
66865 
21811 
5441 
169285 
169291 
70989 
25941 
226646 
169304 
120154 
169309 
120163 
107875 
34148 
120168 
107882 
50538 
107890 
42368 
226696 
62856 
62860 
120205 
62862 
38288 
120214 
116120 
120219 
116127 
112036 
116133 
58793 
46509 
13741 
30126 
112047 
112050 
112054 
71098 
120256 
54720 
1478 
120265 
120270 
67029 
75228 
75243 
120307 
5620 
17910 
9720 
173563 
120316 
75260 
173566 
173569 
120321 
75272 
22025 
50698 
71184 
75290 
103964 
26141 
103971 
120358 
103980 
34348 
120367 
75311 
120372 
108087 
75323 
63036 
108094 
226884 
226886 
108102 
226890 
75341 
226896 
226903 
120409 
42589 
226911 
120418 
75362 
226915 
120423 
58983 
226920 
38507 
75374 
30326 
226936 
67193 
46713 
13946 
226940 
226944 
75392 
1666 
54916 
226955 
120460 
226959 
226963 
120469 
75413 
112281 
120474 
226974 
75425 
226978 
112292 
226982 
112295 
5799 
112299 
226993 
75443 
226997 
104118 
227001 
104125 
120511 
227012 
104132 
9925 
227014 
50887 
120520 
75464 
173770 
227019 
173773 
120525 
18126 
173776 
227028 
75476 
227032 
227035 
206556 
227037 
206557 
206558 
206559 
22239 
227041 
206562 
206565 
75494 
227047 
227054 
63216 
120562 
34548 
26356 
227062 
227064 
120571 
75515 
227069 
120576 
108293 
75527 
227081 
108300 
227086 
108308 
227094 
75545 
227099 
67357 
59169 
227108 
227113 
75566 
227120 
14128 
227124 
227128 
157496 
75578 
42813 
30526 
227135 
157503 
227137 
1857 
38722 
46917 
227142 
157510 
55112 
75596 
227155 
227159 
227162 
227164 
5982 
227168 
227174 
227181 
75629 
227189 
116597 
227191 
104313 
227196 
116604 
75647 
104320 
116612 
104327 
227208 
223112 
169864 
51083 
169868 
227213 
112526 
169874 
10130 
227221 
169878 
227224 
112537 
227226 
112540 
18332 
169885 
112544 
75680 
63392 
227234 
169890 
120739 
227238 
157608 
227242 
120748 
157615 
227249 
120753 
227251 
22453 
157622 
227256 
223162 
34748 
67521 
227269 
26566 
227273 
120778 
120787 
108499 
157655 
120792 
108506 
59355 
157662 
14305 
108514 
157669 
223212 
120814 
120823 
120828 
2048 
157702 
30726 
55308 
157709 
47121 
120850 
157716 
120859 
43037 
223262 
38942 
6174 
120864 
157749 
120886 
104502 
157756 
104509 
120895 
157763 
120900 
104516 
227405 
227407 
223312 
63568 
51282 
227411 
227416 
227418 
120922 
227422 
10335 
227427 
120931 
157796 
227429 
67685 
120936 
227433 
18538 
157803 
227438 
34926 
227440 
116848 
157810 
227444 
227449 
116857 
227451 
112765 
120958 
116862 
227455 
223362 
227460 
227462 
112774 
120967 
227466 
22667 
120972 
112782 
227471 
227473 
161938 
157843 
227477 
59541 
161945 
227482 
157850 
227484 
227488 
161952 
174241 
157857 
108705 
227490 
120994 
174244 
174245 
227494 
174248 
108712 
174250 
227499 
121003 
227501 
26797 
14509 
121008 
108720 
227505 
223412 
227510 
227512 
55482 
227516 
2239 
227521 
157890 
227523 
121030 
227527 
157896 
227532 
227534 
121038 
30926 
157903 
227538 
121042 
227543 
227545 
6363 
227549 
227554 
227556 
223462 
39142 
166119 
227560 
166124 
227565 
227567 
227571 
104691 
227573 
166134 
227577 
104698 
47355 
43261 
227582 
227584 
63744 
104705 
157954 
227588 
227593 
157961 
67849 
227595 
227599 
157968 
227604 
227606 
51481 
227610 
162074 
35101 
227615 
227617 
162081 
227621 
162088 
227626 
227628 
10540 
227632 
158001 
227637 
227639 
158008 
18744 
227643 
158015 
227648 
227650 
227654 
223558 
227656 
227660 
162124 
59727 
112976 
227665 
227667 
162131 
227671 
112983 
162138 
55642 
227676 
227678 
166241 
22881 
227682 
158051 
112995 
166246 
227687 
117096 
227689 
158058 
227693 
108911 
166256 
158065 
117105 
227698 
227700 
108918 
227704 
117113 
223611 
14715 
227709 
162174 
108926 
2430 
227711 
227715 
162181 
227720 
227722 
27018 
162188 
227726 
227731 
227733 
158101 
166294 
31126 
6552 
227737 
227739 
166299 
158108 
227743 
158115 
227748 
166309 
227750 
227754 
68013 
39342 
227759 
162224 
104880 
63920 
227761 
223665 
227765 
162231 
104887 
227770 
227772 
162238 
104894 
227776 
227781 
227783 
158151 
227787 
166347 
158158 
227792 
166352 
47568 
227794 
158165 
227798 
166362 
227803 
227805 
51680 
43488 
227809 
162274 
227814 
223719 
227816 
162281 
162288 
227825 
227827 
227831 
100855 
35319 
158201 
227836 
227838 
100862 
10750 
166400 
158208 
227842 
166405 
100869 
18950 
227847 
158215 
227849 
59913 
227853 
166415 
227858 
227860 
162324 
55829 
227864 
162331 
227869 
223773 
227871 
162338 
227875 
227880 
227882 
158251 
227886 
158258 
227891 
227893 
166453 
23095 
227897 
158265 
166458 
100923 
2621 
227902 
227904 
100930 
166468 
162374 
100937 
14921 
162380 
68177 
223827 
162387 
6741 
158301 
31326 
64096 
158307 
27239 
166506 
158314 
105069 
166511 
105076 
39542 
166521 
105083 
100994 
223881 
101001 
162444 
101008 
162451 
162459 
166559 
166564 
51879 
170664 
60076 
170671 
47791 
166577 
166582 
170681 
223931 
43707 
162493 
35519 
162500 
101065 
162508 
113359 
101072 
113362 
56018 
19156 
101079 
10967 
113372 
113380 
113382 
223981 
166638 
162545 
166645 
68341 
162552 
2812 
117502 
166655 
162560 
117510 
113414 
113417 
109327 
117520 
101136 
64272 
113425 
6930 
109333 
101143 
23319 
15127 
113434 
101150 
224031 
109344 
166691 
170789 
162597 
166698 
170796 
162604 
117553 
166708 
162612 
31541 
170806 
117560 
117563 
60220 
109374 
39742 
117567 
109376 
27460 
109382 
109391 
224081 
101207 
162649 
166747 
170845 
101214 
162656 
166754 
170852 
101221 
162664 
166764 
170862 
52078 
68482 
224131 
48006 
35719 
48010 
19338 
117643 
48012 
162701 
48014 
56207 
48016 
48017 
48018 
43922 
166803 
48019 
162708 
117652 
48020 
170901 
48022 
117655 
166810 
117659 
170908 
162716 
101278 
117663 
166820 
101285 
170918 
64425 
101292 
224181 
3003 
11200 
162753 
162760 
166859 
170957 
7119 
162768 
166866 
117715 
170964 
166876 
117724 
170974 
117727 
117731 
23523 
101349 
15333 
224231 
117735 
101356 
68591 
60400 
101363 
162805 
162811 
166915 
162819 
171013 
39942 
31752 
166922 
171020 
166932 
171030 
113688 
117787 
113691 
27681 
117796 
117799 
113703 
117803 
52267 
101420 
117807 
113711 
113713 
101427 
64569 
101434 
19514 
166971 
171069 
166978 
171076 
166988 
56396 
109645 
171086 
109647 
35919 
109658 
68700 
224350 
109666 
117859 
109668 
105575 
117868 
105581 
48238 
44142 
117871 
167027 
117875 
101491 
171125 
105590 
117879 
3191 
167033 
101498 
171131 
101505 
167046 
171144 
167051 
7308 
171149 
224400 
11415 
105631 
60580 
105638 
117931 
105645 
23727 
15539 
117940 
117943 
40120 
101562 
117947 
117951 
101569 
224450 
171207 
101576 
68809 
171216 
171223 
113885 
64733 
113891 
31982 
113903 
52466 
118003 
224500 
171256 
118012 
27902 
118015 
171265 
101633 
118019 
19716 
118023 
171272 
101640 
56585 
101647 
109845 
36119 
109852 
224550 
3367 
109864 
171308 
171317 
68918 
44342 
118075 
171324 
118084 
118087 
101704 
48457 
7497 
118091 
118095 
101711 
101718 
224600 
60760 
171360 
40291 
171369 
11630 
171376 
23931 
64897 
15745 
118147 
224650 
118156 
101775 
118163 
171412 
101782 
171421 
101789 
69027 
171428 
114100 
224700 
114111 
114114 
105922 
52674 
114118 
56774 
171464 
105929 
32203 
118221 
19920 
171473 
105938 
118228 
101846 
3543 
171480 
28121 
118235 
101853 
36319 
101860 
110066 
110073 
171516 
44542 
110081 
171525 
171532 
60940 
7695 
69136 
224796 
101917 
118302 
118306 
101924 
65061 
118313 
101931 
48684 
40492 
171568 
171575 
171582 
11845 
24135 
224849 
15956 
101988 
101995 
102002 
106109 
69245 
56963 
106116 
224902 
3719 
106123 
52880 
52884 
52886 
52887 
52888 
52889 
52891 
20124 
52893 
118439 
36519 
32425 
102059 
118446 
28336 
102066 
118452 
102073 
224955 
61120 
110277 
44742 
65225 
7882 
110284 
110292 
118489 
118496 
118503 
69354 
225008 
102130 
40695 
102137 
102144 
48904 
24339 
12060 
225062 
16166 
118567 
118576 
106289 
118583 
3895 
106296 
102201 
106303 
102208 
57152 
102215 
69463 
225115 
118621 
114526 
114529 
53092 
118630 
20328 
114537 
118637 
65389 
118641 
114547 
61300 
8061 
36734 
102272 
102279 
32647 
28556 
225165 
102286 
44942 
118675 
110488 
118684 
118687 
110495 
118691 
118695 
110503 
225215 
159679 
40898 
69572 
159686 
102343 
24519 
118729 
159693 
102350 
118738 
118741 
102357 
118745 
118749 
106466 
4071 
106473 
106480 
225265 
12275 
49146 
57341 
118783 
)

// ************************************************************************* //
