/*--------------------------------*- C++ -*----------------------------------*\
| =========                 |                                                 |
| \\      /  F ield         | OpenFOAM: The Open Source CFD Toolbox           |
|  \\    /   O peration     | Version:  3.0.1                                 |
|   \\  /    A nd           | Web:      www.OpenFOAM.org                      |
|    \\/     M anipulation  |                                                 |
\*---------------------------------------------------------------------------*/
FoamFile
{
    version     2.0;
    format      binary;
    class       faceSet;
    location    "constant/polyMesh/sets";
    object      planX5p25;
}
// * * * * * * * * * * * * * * * * * * * * * * * * * * * * * * * * * * * * * //


2097
(
204800 
106501 
49159 
57353 
106511 
188434 
188437 
188438 
65559 
163865 
163868 
16412 
163871 
188470 
188473 
188475 
8252 
80 
196702 
196704 
196705 
172144 
204916 
204918 
204919 
172152 
172157 
32894 
114832 
114840 
41114 
24731 
114850 
106670 
106678 
65723 
106688 
57545 
57546 
57547 
57548 
49361 
205022 
205024 
205025 
8431 
16628 
196862 
196864 
256 
196866 
172318 
196898 
196901 
172326 
196903 
172331 
33113 
106847 
65887 
41317 
106855 
115048 
115055 
115056 
106865 
57719 
24953 
115066 
115072 
115080 
115081 
49563 
197025 
8610 
197027 
197029 
432 
172471 
172475 
172477 
197061 
197063 
197065 
16844 
115176 
197097 
197100 
74220 
197102 
115184 
205302 
115192 
205305 
74236 
205311 
115203 
66051 
115210 
107022 
115217 
107029 
107030 
115227 
107040 
115234 
57891 
107046 
115241 
221742 
107054 
33326 
107055 
41520 
115251 
115258 
115265 
25153 
172616 
172619 
115275 
172621 
221775 
115282 
8789 
115289 
189019 
189021 
189023 
608 
115299 
49765 
115306 
115313 
115323 
189055 
189058 
115330 
189059 
221833 
115337 
115347 
115354 
115361 
189091 
17060 
189094 
66215 
189096 
107182 
107190 
107198 
205504 
221891 
205507 
107209 
205514 
115405 
58062 
107217 
115411 
107225 
115418 
107236 
107244 
8945 
107252 
41723 
221949 
107263 
33541 
107271 
25353 
107279 
784 
115478 
107290 
115485 
107298 
115492 
107306 
115502 
49967 
115509 
107317 
222007 
115516 
107325 
107333 
115526 
66379 
115533 
74575 
107344 
115540 
74580 
107352 
115550 
74590 
107360 
115557 
107371 
115564 
222065 
107379 
115574 
107387 
17276 
115581 
115588 
9092 
115598 
58256 
58257 
58258 
58259 
115605 
74648 
115612 
107425 
74658 
115622 
107433 
222123 
115629 
74670 
107441 
115636 
115646 
960 
115653 
115660 
25553 
205781 
41941 
115670 
205783 
205786 
115678 
33761 
74723 
115686 
74729 
107500 
66543 
107507 
50169 
107514 
107524 
107531 
107538 
107548 
107555 
107562 
115764 
107572 
115770 
107579 
115778 
107586 
115779 
58435 
115780 
115786 
115787 
107596 
9297 
107603 
17492 
107610 
107620 
107627 
1136 
107634 
205948 
107644 
205950 
205951 
107651 
107658 
66707 
107668 
25753 
107675 
107682 
42151 
33961 
107692 
42158 
42159 
107700 
107708 
50371 
189639 
189641 
189642 
115924 
115932 
115933 
115934 
115935 
115936 
115949 
107757 
115950 
107763 
165108 
197879 
165112 
107769 
197882 
107770 
165115 
58619 
197890 
107781 
197915 
197918 
1312 
197926 
17706 
66871 
9527 
197951 
197956 
197959 
25953 
189796 
189798 
189800 
34161 
50550 
189832 
189835 
222605 
189837 
42389 
107931 
165279 
165283 
107939 
165286 
107949 
58810 
58811 
58812 
58813 
222664 
1488 
67035 
116191 
116204 
116215 
116224 
17921 
222722 
116227 
9732 
116239 
116240 
50706 
50707 
50711 
50712 
50713 
26153 
34361 
222780 
165450 
165454 
165457 
190044 
190046 
190048 
173674 
173678 
108143 
173680 
42612 
222838 
108151 
59000 
59001 
59002 
59003 
67199 
190080 
108161 
190082 
190084 
1676 
190116 
190119 
190121 
222896 
116406 
116415 
116417 
116419 
116429 
116432 
116433 
9937 
50900 
50901 
18137 
50906 
50907 
50908 
222953 
165621 
165625 
165628 
26368 
34561 
223010 
67363 
59186 
59187 
59188 
59189 
108349 
108357 
1867 
108367 
42835 
51099 
51100 
10142 
165792 
51105 
51106 
51107 
165796 
165799 
18343 
116671 
67527 
34761 
116684 
75726 
26579 
116695 
75736 
26586 
26587 
116704 
116706 
75752 
59372 
116717 
59373 
59374 
116719 
59375 
2058 
108555 
108563 
108573 
75814 
75826 
198707 
43059 
198710 
75831 
198718 
165963 
165966 
165969 
198744 
198748 
198754 
51298 
51299 
51304 
51305 
51306 
67691 
10347 
75888 
18549 
198779 
34939 
198784 
75904 
198787 
75916 
116899 
59558 
59559 
59560 
59561 
116907 
116908 
116919 
116921 
116922 
116923 
116924 
116925 
26817 
2249 
108761 
190683 
190685 
190687 
108769 
108779 
190719 
190721 
190723 
67855 
43288 
190755 
190758 
35110 
190760 
51497 
51498 
51503 
51504 
51505 
10552 
18755 
59744 
59745 
59746 
59747 
182628 
182630 
182632 
182664 
2440 
182667 
182669 
117148 
27038 
117155 
117156 
108965 
117164 
108972 
108973 
117171 
68019 
117172 
108983 
117180 
108989 
108997 
108998 
51696 
51697 
43507 
51702 
51703 
51704 
35332 
10762 
18961 
59930 
59931 
59932 
59933 
100896 
100903 
100910 
117302 
117310 
117318 
2631 
109128 
109136 
117329 
182867 
182869 
182871 
68183 
117336 
109144 
117343 
109155 
100967 
117353 
109162 
100974 
117360 
109169 
100981 
182903 
117367 
182905 
182907 
109179 
27259 
117377 
109186 
117384 
109193 
117391 
109203 
117401 
109210 
182939 
182942 
182944 
117408 
109217 
117415 
109227 
101038 
117425 
109234 
101045 
51895 
117432 
51896 
109241 
101052 
60092 
60093 
51901 
60094 
51902 
117439 
60095 
51903 
109251 
43720 
117449 
109258 
35532 
117456 
109265 
117463 
109275 
19167 
117473 
109282 
10980 
117480 
109289 
10987 
10988 
117487 
109299 
101109 
109306 
68347 
101116 
109313 
101123 
2822 
117529 
117535 
117542 
109353 
109359 
109366 
101180 
101187 
191304 
191306 
101194 
60234 
191308 
27480 
117597 
199520 
199523 
117605 
199526 
191340 
117613 
191342 
117615 
191344 
109425 
109432 
158587 
158590 
52094 
109439 
52095 
158593 
101251 
52100 
199557 
52101 
68486 
52102 
199561 
109449 
101258 
199567 
191376 
109456 
101265 
191379 
35732 
191381 
19350 
109463 
43935 
109473 
117669 
109480 
199593 
199595 
117677 
109487 
199600 
117685 
117687 
109497 
109504 
3013 
109511 
101322 
11214 
109521 
101329 
109528 
101336 
109535 
109545 
117741 
109552 
68595 
117749 
109559 
117757 
60414 
117759 
109569 
109576 
109583 
101393 
101400 
109593 
101407 
109600 
109607 
109617 
117813 
27701 
158776 
109625 
158779 
117821 
158782 
109633 
19524 
117829 
52293 
52294 
117831 
52299 
52300 
52301 
101464 
35932 
101471 
68704 
101478 
44155 
117885 
3201 
117893 
117901 
117903 
109721 
109727 
101535 
109733 
11429 
109734 
101542 
101549 
109745 
60594 
117957 
117965 
68813 
117973 
117975 
183512 
183514 
183516 
101606 
101613 
101620 
158965 
158968 
158971 
183548 
183550 
183552 
52480 
52486 
52487 
52488 
118029 
27920 
19728 
118037 
118045 
118047 
183584 
183587 
36132 
183589 
101677 
3377 
101684 
68922 
101691 
44355 
167247 
167251 
118101 
167254 
109910 
118109 
109918 
118117 
60774 
118119 
109928 
101748 
101755 
11644 
101762 
118173 
118181 
69031 
118189 
118190 
118191 
159154 
191925 
159157 
191927 
159160 
191929 
101819 
77243 
101826 
101833 
77257 
200142 
200144 
200146 
191961 
52698 
191963 
19932 
191965 
3553 
28133 
36332 
200178 
200180 
200182 
191997 
192000 
192002 
118274 
101890 
118275 
118276 
101897 
118282 
118283 
44555 
118284 
101904 
167441 
118291 
118292 
69140 
118293 
200214 
167446 
200217 
60954 
200219 
167453 
110127 
110135 
110145 
101961 
118346 
118347 
118348 
101968 
11859 
101975 
159343 
118384 
159346 
159349 
118390 
118395 
69249 
102032 
3729 
102039 
118424 
118430 
102046 
118434 
20136 
52912 
52913 
52914 
52915 
36532 
28348 
118462 
118463 
118464 
118478 
61134 
118479 
118480 
44755 
102103 
167642 
102110 
167649 
102117 
167658 
69358 
110338 
118536 
118537 
110346 
118546 
118547 
118548 
110356 
118553 
118555 
118556 
118557 
102174 
102181 
12074 
159532 
102188 
159534 
159537 
118593 
3905 
77636 
118600 
184139 
184141 
184143 
118607 
77648 
118609 
77658 
69467 
102245 
102252 
184175 
184177 
184179 
102259 
20340 
53109 
118647 
77688 
118654 
77696 
61314 
118661 
118663 
36747 
77712 
184211 
184214 
184216 
28568 
44955 
77729 
167843 
77737 
167850 
102316 
118701 
167859 
102323 
118708 
77753 
102330 
118715 
118717 
69576 
77770 
77778 
110549 
110557 
77794 
118755 
110567 
118762 
118769 
4081 
118771 
102387 
77811 
102394 
77819 
102401 
12289 
77835 
118809 
77852 
118816 
192546 
192548 
77860 
192550 
118823 
118825 
77876 
69685 
61494 
102458 
200765 
200767 
200768 
20544 
102465 
77893 
192582 
192584 
102472 
192586 
77901 
118863 
168018 
168022 
118870 
53334 
53335 
53336 
168025 
53337 
118877 
77917 
36958 
118879 
28768 
45155 
36965 
36966 
192618 
192621 
77934 
192623 
77942 
102529 
118917 
77958 
102536 
118924 
102543 
118931 
118933 
77975 
77983 
4257 
69794 
110760 
77999 
110768 
200881 
200883 
200885 
110778 
118971 
78015 
118978 
102597 
78023 
118985 
118987 
102603 
102610 
200917 
78037 
12502 
200920 
200922 
61674 
119019 
119025 
119032 
119033 
168189 
168192 
168195 
102665 
20748 
69903 
102672 
45332 
102680 
78105 
53532 
102691 
119078 
119079 
119080 
78120 
28968 
102698 
78129 
102706 
4410 
102717 
102724 
102732 
37196 
102743 
102750 
102758 
119153 
102769 
119154 
119155 
102776 
70012 
110975 
102784 
78211 
110982 
110983 
102795 
78219 
110993 
102802 
110999 
102810 
78235 
61854 
111007 
111008 
201123 
201125 
102821 
201127 
102828 
12718 
102836 
119228 
119229 
184766 
119230 
102847 
45503 
184768 
184770 
102854 
201159 
201161 
201163 
102862 
4558 
20952 
102873 
78300 
102881 
184802 
184804 
78308 
184806 
102889 
70121 
201195 
53739 
201198 
201200 
29168 
53745 
53746 
53747 
78324 
184838 
119303 
119304 
184841 
119305 
184843 
102930 
102938 
111138 
102946 
102953 
37417 
111146 
102954 
111154 
78389 
111165 
78397 
111172 
111179 
78413 
102990 
62030 
119378 
119379 
119380 
111189 
102998 
70230 
111196 
103004 
103005 
111203 
103012 
103019 
103020 
111213 
111220 
111227 
4737 
111237 
12933 
45706 
111244 
78478 
103056 
193169 
193171 
111251 
193172 
78486 
103064 
119453 
111261 
119454 
103070 
119455 
103071 
111268 
103078 
78502 
111275 
103085 
103086 
21171 
111285 
29368 
111292 
53952 
53953 
111299 
70339 
53958 
53959 
53960 
111309 
103122 
111316 
103130 
111323 
103136 
103137 
78567 
119528 
103144 
119529 
119530 
103151 
78575 
103152 
62198 
78591 
111365 
37638 
111371 
111378 
103188 
103196 
103202 
103203 
103210 
193326 
193328 
70448 
103217 
193330 
103218 
119603 
119604 
4916 
119605 
78656 
78664 
111440 
193362 
13138 
193365 
103254 
45910 
193367 
111447 
78680 
111454 
103262 
103268 
103269 
111464 
103276 
111471 
103283 
103284 
111478 
119678 
119679 
119680 
111488 
29568 
54148 
21380 
54149 
111495 
54154 
54155 
21387 
54156 
21388 
111502 
111512 
103320 
78745 
62362 
70557 
111519 
103328 
78753 
111526 
103334 
103335 
103342 
111536 
78769 
111543 
103353 
111550 
103361 
119749 
119750 
119751 
111560 
103369 
111567 
103380 
111574 
103387 
111584 
103395 
37861 
111591 
5095 
111598 
103406 
78834 
103413 
111608 
78842 
103421 
111615 
111622 
103432 
78858 
70666 
103439 
111632 
103447 
111640 
160795 
160799 
13343 
111648 
160802 
103458 
46114 
119845 
119846 
119847 
103465 
193580 
193582 
193584 
185393 
103473 
29746 
185395 
185397 
103484 
62526 
103491 
78920 
54344 
119881 
54345 
119882 
119883 
103499 
54350 
54351 
193616 
78928 
54352 
193618 
193620 
185429 
103510 
185431 
185433 
103517 
78942 
103525 
21611 
119917 
119918 
119919 
103536 
193652 
193655 
103543 
70775 
193657 
185465 
111739 
185468 
185470 
103551 
111745 
111751 
111752 
119950 
119951 
119952 
111763 
5274 
103589 
103595 
119983 
119984 
119985 
103603 
38088 
120016 
120017 
120018 
29917 
160992 
160996 
70884 
62694 
160999 
13548 
103661 
46318 
103664 
201969 
120049 
120050 
120051 
201973 
103673 
201979 
103676 
103684 
111879 
103687 
54540 
54541 
111887 
103695 
120082 
103698 
54546 
120083 
54547 
202004 
120084 
54548 
202007 
111897 
103707 
103710 
202015 
103718 
103721 
103729 
120115 
120116 
103732 
120117 
202040 
202045 
103741 
202048 
103744 
21825 
103752 
103755 
5453 
120142 
120143 
120144 
70993 
103763 
103766 
103775 
103778 
103786 
103789 
120179 
103797 
120184 
103800 
120187 
103809 
103812 
103820 
103823 
62870 
103831 
103834 
103843 
38307 
161189 
120230 
103846 
161193 
120235 
161196 
120238 
103854 
103857 
103865 
13753 
46522 
30139 
103868 
71102 
103877 
103880 
103888 
54736 
54737 
103891 
54742 
54743 
54744 
120281 
103899 
120286 
103903 
120289 
103911 
103914 
103922 
103925 
103931 
5632 
103939 
112132 
120332 
112140 
103949 
169488 
120337 
71186 
169492 
120340 
169495 
112151 
22039 
103995 
120383 
226881 
104001 
120388 
120391 
104007 
104008 
63050 
104019 
161386 
161390 
161393 
120434 
120439 
38520 
120442 
30339 
46726 
13958 
54932 
54933 
54938 
54939 
54940 
186016 
186018 
186019 
120485 
120490 
194219 
194221 
120493 
194223 
5811 
194255 
194257 
104145 
194259 
169685 
120536 
104153 
169692 
120541 
120544 
104163 
169701 
22253 
194291 
194294 
194296 
112377 
63230 
112385 
120587 
112396 
120592 
120595 
161583 
161587 
161590 
14141 
120639 
120643 
120647 
30539 
38735 
46930 
55128 
55129 
55134 
55135 
55136 
186211 
186213 
186215 
5994 
186247 
186250 
186252 
104340 
120726 
120730 
104348 
120734 
104358 
63406 
120765 
120769 
22467 
120773 
169953 
202728 
112617 
169962 
14314 
202732 
169967 
112624 
202738 
161780 
161783 
161786 
112635 
202764 
202768 
30739 
202774 
55324 
55325 
47134 
55330 
55331 
55332 
38955 
6187 
202799 
202804 
202807 
104529 
104537 
63582 
104547 
22681 
186526 
186528 
186530 
170157 
170166 
14520 
112825 
170171 
112833 
186562 
186565 
186566 
55494 
55495 
112843 
55500 
55501 
55502 
30939 
186598 
6375 
186601 
186603 
39155 
47367 
47368 
47369 
104718 
63758 
104726 
194840 
194842 
194844 
104736 
194876 
194878 
194880 
170330 
170334 
194912 
170337 
194915 
55652 
194917 
22893 
14726 
113041 
113048 
113049 
113059 
31139 
6564 
113065 
113073 
113074 
39355 
63934 
104907 
104915 
104925 
47583 
47589 
47590 
47591 
170501 
170504 
170507 
113163 
113171 
113179 
55841 
113190 
113197 
113204 
113214 
23107 
113221 
113228 
14932 
113238 
113245 
6753 
113252 
31339 
113262 
64110 
113269 
113276 
39555 
113286 
105094 
113293 
105101 
105102 
113300 
105112 
113310 
105118 
113317 
105126 
105127 
113324 
113334 
113341 
47808 
113348 
56030 
113393 
113399 
113406 
187156 
187158 
187160 
203547 
203550 
64286 
6942 
203554 
15138 
23331 
187192 
187195 
187196 
113468 
203583 
31554 
203587 
113475 
203593 
113482 
39755 
113492 
105303 
113499 
187228 
187231 
187233 
105313 
113506 
203619 
203621 
105321 
203626 
113516 
113523 
105336 
113530 
105339 
113540 
105348 
195461 
195463 
105351 
195465 
113547 
105359 
113554 
105362 
105370 
56219 
113564 
105373 
113571 
48036 
105382 
195497 
105385 
113578 
195499 
195501 
105393 
113588 
105396 
64437 
113595 
105404 
105407 
113602 
105416 
105419 
113612 
195533 
195536 
195538 
113619 
105427 
105430 
113626 
7131 
105438 
105441 
113636 
105450 
113643 
105453 
23535 
15344 
113650 
105461 
105464 
113660 
105472 
105475 
113668 
113676 
105484 
105487 
39955 
31765 
105495 
105498 
31772 
31773 
105506 
105509 
105518 
105521 
105529 
105532 
64575 
105540 
105543 
105552 
105555 
56408 
105563 
105566 
113766 
113772 
113778 
113779 
113790 
48254 
105601 
105605 
105612 
105614 
105618 
7320 
23739 
15550 
163010 
40133 
163014 
163017 
105675 
105683 
105691 
64739 
105702 
105710 
105718 
105729 
32003 
105737 
105745 
56597 
113947 
105756 
113955 
105764 
105772 
113965 
105783 
105791 
105799 
105810 
7509 
105818 
48479 
105826 
163181 
105837 
40302 
163185 
163188 
105845 
105853 
187777 
187779 
187781 
64903 
23943 
105864 
204171 
15756 
204174 
204175 
105872 
105880 
105891 
187813 
187816 
187817 
105899 
204207 
204209 
204211 
105907 
187849 
187852 
187854 
56786 
204243 
204246 
204248 
105953 
32225 
105959 
105965 
105966 
196082 
196084 
196086 
105977 
114196 
196118 
196120 
163352 
196122 
7707 
163356 
114204 
163359 
114215 
65067 
48697 
40505 
196154 
48698 
196157 
48701 
196159 
48703 
48704 
48705 
24147 
15968 
56975 
106136 
106144 
106154 
32446 
163523 
163527 
163530 
114379 
65231 
114387 
7894 
114398 
171750 
171754 
171756 
40708 
48917 
24351 
16179 
16186 
16187 
106316 
57164 
106324 
106334 
163694 
163698 
65395 
163701 
8073 
171917 
171923 
171931 
32668 
114624 
114631 
40911 
114642 
24532 
188398 
188400 
188402 
204797 
106493 
204799 
)

// ************************************************************************* //
