/*--------------------------------*- C++ -*----------------------------------*\
| =========                 |                                                 |
| \\      /  F ield         | OpenFOAM: The Open Source CFD Toolbox           |
|  \\    /   O peration     | Version:  3.0.1                                 |
|   \\  /    A nd           | Web:      www.OpenFOAM.org                      |
|    \\/     M anipulation  |                                                 |
\*---------------------------------------------------------------------------*/
FoamFile
{
    version     2.0;
    format      binary;
    class       faceSet;
    location    "constant/polyMesh/sets";
    object      planX2;
}
// * * * * * * * * * * * * * * * * * * * * * * * * * * * * * * * * * * * * * //


650
(
223232 
8193 
215044 
225285 
20487 
217096 
219146 
53260 
221198 
229396 
69653 
36886 
51225 
28697 
27 
45084 
63526 
213032 
231465 
32811 
10288 
223282 
225335 
221243 
67643 
18491 
229441 
34881 
41043 
213077 
24661 
231510 
59486 
22622 
215135 
217187 
223332 
219238 
221288 
225385 
4201 
229486 
26738 
14462 
57471 
213122 
69762 
231555 
49288 
65675 
55438 
2193 
30868 
221333 
223382 
229531 
225435 
12443 
39084 
6316 
213167 
231600 
61618 
8372 
16567 
215226 
217278 
47294 
221378 
219330 
43203 
225476 
229576 
223432 
200 
20691 
63702 
45275 
213212 
53468 
231645 
67807 
51424 
35040 
28897 
225508 
221423 
69871 
229621 
223482 
37117 
10493 
213257 
18697 
231690 
33036 
4368 
225554 
215317 
59672 
217369 
221468 
219421 
41246 
229666 
55589 
24869 
223528 
65839 
22836 
213302 
231735 
57663 
225604 
221513 
14668 
229711 
26959 
2384 
49490 
69980 
31068 
223581 
213347 
231780 
61798 
8551 
6505 
215408 
12659 
217460 
39284 
225654 
221558 
219512 
376 
45433 
229756 
67971 
63878 
16783 
213392 
231825 
223635 
47507 
4502 
20895 
221603 
43430 
53671 
51623 
225704 
229801 
29097 
35248 
213437 
231870 
223689 
70089 
215499 
217551 
10703 
221648 
59858 
66003 
219604 
229846 
18903 
225754 
37338 
55774 
33255 
41449 
213482 
231915 
57843 
25082 
221693 
223743 
229891 
23050 
225804 
2575 
213527 
231960 
61978 
14874 
8730 
49692 
221729 
31268 
215590 
6694 
68135 
552 
217642 
27180 
229936 
219696 
223797 
70198 
64054 
39484 
225854 
45633 
213572 
232005 
4678 
12874 
229981 
16999 
223851 
51822 
225904 
213617 
29297 
232050 
47730 
66167 
53882 
21114 
215681 
43649 
60035 
217733 
35461 
230026 
219787 
58007 
55963 
223901 
213662 
232095 
225954 
70307 
19109 
10921 
41652 
230071 
37560 
33470 
25282 
8900 
62150 
213707 
68299 
232140 
2766 
223951 
226000 
728 
215772 
217824 
6883 
230116 
219878 
64230 
49894 
15080 
23274 
213752 
232185 
4857 
31483 
224001 
39684 
226053 
27401 
45837 
70416 
230161 
60178 
13079 
66331 
213797 
232230 
224051 
230197 
52021 
215863 
29497 
226106 
217915 
54075 
17215 
219969 
58185 
21323 
9036 
35661 
47950 
213842 
232275 
230228 
56152 
43864 
224101 
68454 
62314 
19306 
226159 
70525 
213887 
232320 
230273 
904 
25482 
64397 
2957 
41870 
11153 
215954 
218006 
37782 
224151 
33690 
220060 
7072 
226209 
213923 
5036 
232365 
230318 
50096 
23478 
15286 
66495 
60358 
224201 
213963 
39884 
31693 
232401 
68563 
226263 
46041 
230363 
13284 
27622 
70634 
216045 
218097 
224242 
220151 
29688 
52220 
54271 
58373 
230408 
226316 
62478 
19470 
64527 
224274 
56341 
35861 
9238 
17431 
214041 
21552 
48178 
44084 
230453 
1080 
226366 
224320 
216128 
68672 
3145 
218188 
220242 
25682 
70743 
7261 
5215 
42080 
230498 
33890 
66659 
11368 
226416 
224370 
214132 
38005 
60538 
50298 
23682 
15492 
216197 
40075 
230543 
29847 
226466 
224420 
46245 
218279 
220333 
68781 
13489 
62642 
64691 
31924 
58553 
230588 
54467 
52419 
27843 
70852 
214223 
56530 
216275 
226516 
224470 
19671 
36061 
1256 
230633 
17647 
3321 
218362 
44284 
9468 
226566 
21766 
66823 
224520 
220424 
48397 
5394 
230678 
68890 
25882 
7450 
214314 
40234 
34090 
216366 
60718 
70961 
226616 
224570 
50491 
218431 
11583 
230723 
42310 
23886 
15698 
38230 
64855 
62814 
220515 
30055 
226666 
224620 
230768 
46449 
58738 
13694 
214405 
68999 
54663 
216457 
218509 
56719 
32145 
226707 
52627 
1432 
230813 
224670 
71070 
28062 
19875 
36261 
3497 
66987 
220598 
44484 
5573 
17863 
9673 
230858 
224720 
50642 
21980 
214496 
7648 
60898 
26082 
216548 
218600 
48623 
220658 
40434 
34290 
69108 
230903 
65019 
224766 
71170 
62994 
11798 
24090 
220703 
42531 
230948 
15909 
58928 
38449 
224819 
214587 
30268 
46653 
216639 
218691 
54859 
13899 
220748 
56908 
67151 
230993 
1620 
3673 
69217 
52838 
224872 
36461 
32367 
20079 
28277 
5752 
220793 
231038 
44684 
50830 
214678 
61078 
9878 
216730 
7835 
224925 
218782 
65183 
18079 
220838 
231083 
22194 
26297 
34490 
40637 
63174 
48844 
69326 
224978 
220883 
231128 
24294 
59114 
12013 
214770 
67315 
216821 
16120 
218873 
220928 
42755 
30468 
231173 
229126 
225032 
38664 
57097 
46857 
3849 
55055 
14096 
1811 
220973 
5935 
231218 
229171 
53050 
69435 
20283 
225085 
65347 
36676 
223050 
61258 
32589 
214862 
8014 
216912 
28497 
51026 
218964 
44884 
221018 
231263 
229216 
10083 
212839 
223082 
18285 
225135 
63350 
34690 
231299 
221063 
40840 
22408 
26507 
229261 
67479 
223132 
225185 
212897 
231330 
59300 
69544 
214953 
24489 
217004 
219055 
14259 
221108 
4025 
229306 
49086 
12228 
57286 
30668 
223182 
212942 
231375 
2002 
225235 
55251 
47061 
16351 
221153 
42979 
38884 
229351 
65511 
6128 
212987 
231420 
61438 
)

// ************************************************************************* //
