/*--------------------------------*- C++ -*----------------------------------*\
| =========                 |                                                 |
| \\      /  F ield         | OpenFOAM: The Open Source CFD Toolbox           |
|  \\    /   O peration     | Version:  3.0.1                                 |
|   \\  /    A nd           | Web:      www.OpenFOAM.org                      |
|    \\/     M anipulation  |                                                 |
\*---------------------------------------------------------------------------*/
FoamFile
{
    version     2.0;
    format      binary;
    class       faceSet;
    location    "constant/polyMesh/sets";
    object      planStlX3;
}
// * * * * * * * * * * * * * * * * * * * * * * * * * * * * * * * * * * * * * //


450
(
216065 
218117 
212997 
231430 
29703 
223242 
220171 
225295 
8208 
230418 
226326 
20502 
215064 
224284 
217116 
19485 
229406 
219166 
9253 
17446 
35881 
36906 
42 
214061 
28717 
213042 
231475 
223292 
230463 
32831 
21567 
10303 
225345 
1095 
226376 
224330 
18506 
229451 
216143 
34896 
3160 
213087 
231520 
218208 
220262 
25702 
24681 
230508 
7276 
22637 
223342 
5230 
225395 
215155 
33910 
217207 
11383 
229496 
4216 
226426 
219258 
224380 
26758 
214152 
38025 
213132 
231565 
14477 
23697 
15507 
216212 
230553 
40090 
223392 
2208 
229541 
225445 
30888 
12458 
29867 
226476 
224430 
213177 
231610 
218299 
6331 
39104 
13504 
220353 
8387 
230598 
16582 
31944 
225481 
215246 
229586 
223442 
217298 
219350 
27863 
215 
226526 
224480 
20706 
214243 
213222 
19686 
231655 
216295 
225518 
36081 
230643 
35060 
28917 
1271 
17662 
229631 
223492 
3336 
218377 
9483 
10508 
226576 
37137 
224530 
213267 
231700 
21781 
18712 
4378 
225564 
220444 
230688 
33056 
5409 
215337 
7465 
229676 
217389 
25902 
219441 
223538 
214334 
34110 
24894 
213312 
231745 
226626 
216386 
22851 
224580 
230733 
225614 
218446 
11598 
229721 
14683 
23901 
2399 
15713 
26979 
223591 
38250 
213357 
231790 
31088 
226676 
224630 
8566 
220535 
6520 
230778 
225664 
30080 
12674 
215428 
229766 
391 
217480 
39304 
219532 
13709 
226712 
214425 
213402 
231835 
223645 
216477 
16798 
218529 
32165 
4517 
230823 
1447 
224680 
20910 
225714 
28082 
19890 
229811 
3512 
36281 
29117 
220613 
213447 
231880 
35273 
223699 
230868 
5588 
17878 
9688 
224730 
10718 
215519 
229856 
217571 
225764 
18918 
219624 
21995 
37358 
7663 
214516 
213492 
231925 
26102 
216568 
33275 
218620 
230913 
34310 
224776 
223753 
229901 
25102 
225814 
23065 
2590 
213537 
231970 
11813 
24105 
14889 
8745 
230958 
15924 
6709 
567 
31288 
229946 
215610 
224829 
217662 
223807 
27200 
219716 
38469 
225864 
213582 
232015 
214607 
39504 
30288 
216659 
4693 
218711 
12889 
13914 
231003 
1635 
229991 
3688 
224882 
223861 
17014 
225914 
213627 
232060 
20094 
36481 
32387 
29317 
5767 
231048 
28297 
21129 
230036 
215701 
217753 
35481 
219807 
9893 
224935 
223911 
213672 
232105 
214698 
7850 
225964 
216750 
18094 
218802 
19124 
231093 
10936 
230081 
22209 
37580 
26317 
34510 
8910 
33490 
213717 
232150 
25302 
223961 
226010 
224988 
2781 
231138 
743 
230126 
215792 
6898 
217844 
24309 
15095 
23289 
219898 
12028 
213762 
232195 
214790 
16135 
4872 
216841 
224011 
218893 
231183 
226063 
31503 
229136 
225042 
39704 
30488 
3864 
14106 
230171 
38684 
27421 
1826 
13094 
213807 
232240 
230202 
231228 
229181 
224061 
5950 
226116 
225095 
20298 
215883 
29517 
17230 
223055 
217935 
219989 
36696 
21338 
9051 
213852 
232285 
8029 
230238 
35681 
32609 
214882 
216932 
28517 
218984 
231273 
229226 
224111 
10098 
223092 
19316 
212854 
226169 
225145 
18300 
231304 
213897 
232330 
230283 
34710 
229271 
22423 
919 
2972 
25502 
26527 
11168 
224161 
223142 
215974 
213928 
218026 
37802 
226219 
225195 
212907 
231340 
33710 
7087 
220080 
24499 
232375 
230328 
5051 
214973 
217024 
14274 
219075 
229316 
23493 
15301 
4040 
224211 
12243 
232406 
223192 
212952 
231385 
213978 
225245 
39904 
30688 
226273 
31713 
2017 
230373 
16366 
229361 
13299 
224247 
38904 
27642 
6143 
)

// ************************************************************************* //
