/*--------------------------------*- C++ -*----------------------------------*\
| =========                 |                                                 |
| \\      /  F ield         | OpenFOAM: The Open Source CFD Toolbox           |
|  \\    /   O peration     | Version:  3.0.1                                 |
|   \\  /    A nd           | Web:      www.OpenFOAM.org                      |
|    \\/     M anipulation  |                                                 |
\*---------------------------------------------------------------------------*/
FoamFile
{
    version     2.0;
    format      binary;
    class       faceSet;
    location    "constant/polyMesh/sets";
    object      planStlX1;
}
// * * * * * * * * * * * * * * * * * * * * * * * * * * * * * * * * * * * * * //


450
(
35841 
226306 
36866 
214021 
28677 
9223 
224264 
17416 
229386 
12 
32791 
213022 
231455 
21537 
10273 
223272 
1065 
230443 
18476 
225325 
216113 
34866 
226356 
224310 
229431 
218168 
3130 
220222 
25662 
24641 
215115 
213067 
231500 
33870 
7246 
217167 
22607 
5200 
219218 
230488 
11353 
223322 
4186 
26718 
225375 
214112 
37985 
229476 
226406 
224360 
14447 
23667 
15477 
216182 
213112 
231545 
40060 
30848 
2178 
29827 
230533 
223372 
12428 
229521 
225425 
218259 
226456 
39064 
220313 
224410 
6301 
31904 
13474 
213157 
8357 
231590 
215206 
16552 
217258 
219310 
27823 
230578 
185 
214203 
229566 
223422 
225471 
216255 
20676 
19656 
36041 
226506 
224460 
35020 
28877 
213202 
231635 
1241 
225498 
230623 
17632 
37097 
3306 
229611 
218347 
9453 
10478 
223472 
220404 
21751 
33016 
18682 
226556 
224510 
213247 
231680 
215297 
5379 
217349 
25862 
4358 
225544 
219401 
7435 
230668 
24844 
214294 
34070 
229656 
216346 
223518 
22821 
213292 
231725 
226606 
224560 
218416 
11568 
230713 
225594 
26939 
14653 
23871 
2369 
38210 
15683 
229701 
31048 
30030 
220495 
223571 
8536 
213337 
231770 
6490 
215388 
226656 
217440 
39264 
224610 
219492 
12644 
230758 
361 
225644 
13679 
214385 
229746 
216437 
218489 
32125 
16768 
213382 
231815 
4487 
223625 
1417 
28042 
226702 
20880 
36241 
230803 
224660 
19860 
29077 
35223 
3482 
225694 
229791 
220583 
213427 
231860 
5558 
215479 
17848 
9658 
217531 
223679 
230848 
219584 
10688 
224710 
37318 
18888 
229836 
214476 
21965 
26062 
225744 
216528 
7633 
33235 
218580 
34270 
213472 
231905 
25062 
230893 
224756 
223733 
229881 
23035 
2560 
225794 
11783 
24075 
14859 
8715 
213517 
231950 
31248 
215570 
217622 
15894 
6679 
27160 
537 
230938 
219676 
38429 
229926 
214567 
39464 
30248 
224809 
223787 
216619 
218671 
225844 
4663 
213562 
231995 
12859 
13884 
1605 
230983 
3658 
229971 
16984 
36441 
32347 
29277 
224862 
20064 
223841 
28257 
225894 
213607 
232040 
5737 
21099 
215661 
217713 
35441 
231028 
219767 
230016 
214658 
216710 
9863 
218762 
7820 
18064 
224915 
223891 
213652 
232085 
19094 
225944 
10906 
231073 
22179 
37540 
26277 
34470 
33450 
230061 
25262 
8890 
2751 
213697 
232130 
223941 
225990 
224968 
215752 
713 
217804 
231118 
219858 
6868 
24279 
15065 
230106 
23259 
214750 
11998 
216801 
218853 
31463 
16105 
4842 
213742 
232175 
39664 
30448 
38644 
27381 
223991 
3834 
231163 
226043 
229116 
225022 
1796 
14086 
230151 
13064 
213787 
232220 
5920 
215843 
29477 
217895 
231208 
229161 
224041 
20268 
219949 
230192 
226096 
36656 
17200 
225075 
35641 
32569 
214842 
216892 
21308 
28477 
9021 
7999 
218944 
223045 
213832 
232265 
230218 
10068 
231253 
229206 
212824 
224091 
18270 
223072 
19296 
226149 
225125 
34670 
213877 
232310 
25462 
230263 
26487 
22393 
889 
231294 
215934 
2942 
217986 
37762 
11138 
229251 
33670 
220040 
224141 
7057 
223122 
214933 
226199 
225175 
212887 
231320 
216984 
219035 
5021 
213918 
24479 
232355 
230308 
14244 
23463 
15271 
4010 
229296 
12213 
39864 
30648 
31673 
213948 
224191 
1987 
223172 
212932 
231365 
225225 
232396 
226253 
38864 
16336 
230353 
27602 
13269 
216025 
229341 
218077 
6113 
220131 
29673 
224237 
215024 
212977 
231410 
8178 
217076 
223222 
219126 
20472 
225275 
230398 
19455 
)

// ************************************************************************* //
