/*--------------------------------*- C++ -*----------------------------------*\
| =========                 |                                                 |
| \\      /  F ield         | OpenFOAM: The Open Source CFD Toolbox           |
|  \\    /   O peration     | Version:  3.0.1                                 |
|   \\  /    A nd           | Web:      www.OpenFOAM.org                      |
|    \\/     M anipulation  |                                                 |
\*---------------------------------------------------------------------------*/
FoamFile
{
    version     2.0;
    format      binary;
    class       faceSet;
    location    "constant/polyMesh/sets";
    object      planX1;
}
// * * * * * * * * * * * * * * * * * * * * * * * * * * * * * * * * * * * * * //


650
(
36866 
221188 
28677 
45064 
229386 
51210 
69643 
12 
63511 
32791 
213022 
231455 
10273 
223272 
67628 
18476 
225325 
221233 
34866 
229431 
41023 
24641 
215115 
213067 
231500 
217167 
59471 
22607 
219218 
223322 
4186 
221278 
26718 
225375 
229476 
14447 
57456 
49268 
213112 
69752 
231545 
65660 
30848 
2178 
55428 
221323 
223372 
12428 
229521 
225425 
39064 
6301 
61603 
213157 
8357 
231590 
215206 
16552 
217258 
47274 
219310 
43183 
221368 
185 
229566 
223422 
225471 
20676 
63687 
45260 
35020 
53453 
28877 
67792 
51409 
213202 
231635 
225498 
221413 
69861 
37097 
229611 
10478 
223472 
33016 
18682 
213247 
231680 
215297 
217349 
4358 
225544 
219401 
59657 
41226 
24844 
221458 
55574 
229656 
223518 
65824 
22821 
213292 
231725 
57648 
225594 
26939 
14653 
49470 
221503 
2369 
229701 
31048 
69970 
223571 
61783 
8536 
213337 
231770 
6490 
215388 
217440 
39264 
219492 
12644 
45413 
361 
225644 
221548 
229746 
67956 
63863 
47487 
16768 
213382 
231815 
4487 
223625 
20880 
43410 
29077 
35223 
53656 
51608 
221593 
225694 
229791 
213427 
231860 
215479 
217531 
223679 
70079 
219584 
10688 
59843 
65988 
221638 
37318 
18888 
229836 
55759 
225744 
33235 
41429 
213472 
231905 
57828 
25062 
221683 
223733 
229881 
23035 
2560 
225794 
49672 
61963 
14859 
8715 
213517 
231950 
31248 
215570 
217622 
6679 
68120 
27160 
537 
221724 
219676 
229926 
64039 
39464 
223787 
70188 
45613 
225844 
4663 
213562 
231995 
12859 
229971 
16984 
29277 
47710 
51807 
223841 
225894 
213607 
232040 
66152 
53867 
21099 
215661 
43629 
217713 
35441 
219767 
60025 
230016 
57992 
55948 
223891 
213652 
232085 
19094 
225944 
70297 
10906 
41632 
37540 
33450 
230061 
25262 
62135 
8890 
68284 
2751 
213697 
232130 
223941 
225990 
215752 
713 
217804 
219858 
49874 
6868 
64215 
15065 
230106 
23259 
31463 
4842 
213742 
232175 
39664 
27381 
223991 
45817 
226043 
60163 
70406 
230151 
13064 
66316 
213787 
232220 
215843 
29477 
52006 
217895 
224041 
54060 
219949 
230192 
226096 
17200 
35641 
58170 
47930 
21308 
9021 
43844 
213832 
232265 
56137 
230218 
224091 
62299 
68444 
19296 
226149 
70515 
213877 
232310 
25462 
230263 
889 
41850 
215934 
2942 
217986 
37762 
11138 
64387 
33670 
220040 
224141 
7057 
226199 
50076 
5021 
213918 
232355 
230308 
23463 
15271 
66480 
60343 
39864 
31673 
213948 
224191 
46021 
68553 
232396 
226253 
230353 
27602 
13269 
216025 
218077 
70624 
220131 
29673 
224237 
52205 
54256 
58358 
230398 
62463 
19455 
64512 
35841 
226306 
214021 
56326 
9223 
224264 
17416 
48158 
44064 
21537 
1065 
230443 
216113 
226356 
224310 
68662 
218168 
3130 
220222 
25662 
42060 
70733 
33870 
7246 
5200 
66644 
230488 
11353 
214112 
37985 
226406 
50278 
224360 
60523 
23667 
15477 
216182 
40060 
29827 
230533 
46225 
218259 
226456 
220313 
224410 
31904 
13474 
68771 
62627 
64676 
58538 
27823 
230578 
54452 
52404 
70842 
214203 
216255 
56515 
19656 
36041 
226506 
224460 
1241 
230623 
17632 
44264 
3306 
218347 
9453 
220404 
21751 
66808 
48377 
226556 
224510 
5379 
25862 
7435 
230668 
68880 
214294 
40214 
34070 
216346 
60703 
70951 
50476 
226606 
224560 
218416 
11568 
42290 
230713 
23871 
38210 
15683 
64840 
30030 
220495 
62799 
46429 
226656 
224610 
58723 
230758 
13679 
214385 
216437 
54648 
218489 
68989 
32125 
56704 
52612 
1417 
28042 
226702 
36241 
230803 
224660 
71060 
19860 
3482 
66972 
220583 
44464 
5558 
17848 
9658 
230848 
50627 
224710 
214476 
21965 
26062 
216528 
7633 
60883 
218580 
48603 
40414 
34270 
220648 
69098 
65004 
230893 
224756 
71165 
62979 
11783 
24075 
42511 
220693 
15894 
230938 
38429 
58913 
214567 
30248 
224809 
46633 
216619 
218671 
54844 
13884 
56893 
67136 
220738 
1605 
230983 
3658 
69207 
52823 
36441 
32347 
224862 
20064 
28257 
5737 
220783 
231028 
44664 
50815 
214658 
216710 
61063 
9863 
218762 
7820 
65168 
18064 
224915 
220828 
231073 
22179 
26277 
34470 
40617 
63159 
48824 
69316 
224968 
220873 
231118 
24279 
59099 
214750 
11998 
216801 
67300 
218853 
16105 
42735 
30448 
38644 
46837 
220918 
57082 
3834 
231163 
229116 
225022 
55040 
1796 
14086 
5920 
220963 
231208 
229161 
53035 
20268 
36656 
69425 
225075 
65332 
32569 
214842 
61243 
216892 
28477 
7999 
218944 
44864 
51011 
223045 
221008 
10068 
231253 
229206 
212824 
18270 
223072 
225125 
63335 
34670 
40820 
26487 
22393 
221053 
231294 
229251 
67464 
223122 
214933 
59285 
225175 
212887 
231320 
216984 
219035 
69534 
24479 
14244 
221098 
49066 
4010 
229296 
12213 
57271 
30648 
47041 
1987 
223172 
212932 
55236 
231365 
225225 
42959 
38864 
16336 
221143 
65496 
229341 
6113 
61423 
215024 
212977 
231410 
8178 
217076 
223222 
219126 
20472 
225275 
53245 
)

// ************************************************************************* //
