/*--------------------------------*- C++ -*----------------------------------*\
| =========                 |                                                 |
| \\      /  F ield         | OpenFOAM: The Open Source CFD Toolbox           |
|  \\    /   O peration     | Version:  3.0.1                                 |
|   \\  /    A nd           | Web:      www.OpenFOAM.org                      |
|    \\/     M anipulation  |                                                 |
\*---------------------------------------------------------------------------*/
FoamFile
{
    version     2.0;
    format      binary;
    class       faceSet;
    location    "constant/polyMesh/sets";
    object      planX7;
}
// * * * * * * * * * * * * * * * * * * * * * * * * * * * * * * * * * * * * * //


500
(
33792 
210946 
7170 
5124 
68613 
59397 
66570 
14351 
26640 
4112 
37907 
228373 
222229 
23573 
15381 
50200 
70684 
212001 
60449 
208930 
57382 
49190 
12331 
209967 
65586 
39986 
30770 
207925 
2104 
55358 
228416 
13377 
46147 
222277 
69703 
16456 
38986 
29770 
212046 
208977 
6225 
31826 
62553 
61529 
8281 
64602 
47196 
58464 
43105 
27745 
20582 
54378 
52330 
19562 
228459 
207980 
111 
211058 
68722 
222325 
56441 
9337 
212091 
35963 
209021 
63613 
28799 
17536 
45186 
53379 
67718 
51335 
70793 
210059 
10381 
1167 
34963 
228502 
21657 
44186 
18586 
37019 
3232 
208035 
222373 
212136 
32938 
48299 
66734 
69812 
5303 
25784 
24762 
41148 
59583 
7359 
4288 
228545 
22727 
33992 
11471 
222421 
212181 
60629 
65750 
209114 
208090 
40157 
14557 
68831 
55521 
23777 
211170 
50402 
15587 
42212 
57574 
210151 
228588 
26861 
49392 
38132 
70902 
2295 
30970 
29948 
64766 
212226 
12547 
222469 
62725 
208140 
8460 
61709 
13582 
6414 
46351 
39186 
228631 
58649 
287 
16672 
69921 
67882 
45356 
63789 
54574 
212271 
32047 
47409 
20786 
222517 
56630 
19766 
208185 
52538 
27964 
1343 
228674 
210243 
36163 
43332 
35141 
28999 
209226 
68940 
53582 
51534 
3408 
211282 
66898 
4434 
17752 
9561 
212316 
10591 
44386 
71011 
222565 
208230 
18792 
5482 
21871 
228727 
37240 
59769 
65914 
25984 
55685 
33157 
7557 
41351 
212361 
60809 
48525 
70030 
50574 
40336 
34192 
208275 
24984 
57754 
22941 
222623 
210335 
64930 
11686 
14763 
228780 
23981 
15798 
2486 
69049 
62905 
209338 
49594 
8639 
212416 
208320 
61889 
42433 
211394 
31170 
27082 
6603 
68046 
38351 
463 
71120 
58839 
222681 
39386 
30170 
12762 
46555 
13787 
63965 
45535 
228833 
4587 
208365 
54770 
56819 
67062 
212471 
16888 
210427 
70139 
1531 
3584 
19970 
36363 
52749 
32269 
21005 
29199 
47632 
222739 
28179 
51733 
228886 
208410 
71195 
5661 
66078 
43551 
53793 
35363 
69158 
9766 
211498 
209450 
44586 
212526 
17968 
59955 
50741 
18998 
221752 
10809 
60989 
57918 
7744 
55874 
22085 
65094 
208455 
228939 
222797 
227921 
41554 
37462 
210519 
26199 
34392 
40539 
33372 
221792 
25184 
212581 
70248 
48746 
63085 
62061 
68210 
8818 
208500 
2677 
211576 
24185 
14969 
23165 
11901 
639 
228992 
49796 
227974 
222855 
6792 
16009 
64141 
59025 
69267 
31385 
221850 
209562 
67226 
212636 
4766 
208545 
42657 
39586 
30370 
38566 
46759 
27303 
12967 
13992 
45739 
211631 
57008 
3760 
210610 
229044 
54966 
1722 
228027 
222913 
66242 
60110 
20174 
17104 
212691 
221908 
5844 
70357 
29399 
208600 
51932 
21214 
229088 
52961 
53986 
36578 
211686 
65258 
35563 
32491 
47852 
28399 
228080 
58096 
61169 
44786 
9971 
7923 
43766 
50937 
222970 
18174 
56063 
69376 
19204 
8967 
212746 
209674 
221966 
208655 
62225 
68374 
22299 
211741 
63261 
34592 
11041 
210722 
228133 
40742 
25384 
26409 
223020 
41772 
815 
37684 
2868 
212792 
33592 
64317 
67390 
70466 
24389 
6981 
208710 
15175 
222024 
23369 
59211 
49998 
4945 
211796 
12116 
14168 
228186 
48988 
3936 
66406 
39786 
30570 
31595 
69485 
60269 
57197 
16240 
46963 
13172 
209783 
45943 
1913 
55162 
208765 
207741 
42881 
222082 
38786 
27524 
211851 
65422 
228239 
210834 
6037 
68504 
20378 
29599 
52131 
61349 
54182 
8102 
9127 
17320 
58284 
70575 
53171 
35763 
208820 
36788 
19380 
62389 
28599 
222136 
44986 
56252 
228287 
51136 
10176 
211906 
21443 
207815 
32713 
64459 
18380 
63437 
48080 
43986 
209875 
69594 
991 
67554 
222181 
34792 
228330 
208875 
25584 
3056 
40945 
22513 
24563 
211956 
11256 
207870 
41982 
)

// ************************************************************************* //
