/*--------------------------------*- C++ -*----------------------------------*\
| =========                 |                                                 |
| \\      /  F ield         | OpenFOAM: The Open Source CFD Toolbox           |
|  \\    /   O peration     | Version:  3.0.1                                 |
|   \\  /    A nd           | Web:      www.OpenFOAM.org                      |
|    \\/     M anipulation  |                                                 |
\*---------------------------------------------------------------------------*/
FoamFile
{
    version     2.0;
    format      binary;
    class       faceSet;
    location    "constant/polyMesh/sets";
    object      planStlX7;
}
// * * * * * * * * * * * * * * * * * * * * * * * * * * * * * * * * * * * * * //


325
(
33792 
210946 
7170 
5124 
14351 
26640 
4112 
37907 
228373 
222229 
23573 
15381 
212001 
208930 
12331 
209967 
39986 
30770 
207925 
2104 
228416 
13377 
222277 
16456 
38986 
29770 
212046 
208977 
6225 
31826 
8281 
27745 
20582 
19562 
228459 
207980 
111 
211058 
222325 
9337 
212091 
35963 
209021 
28799 
17536 
210059 
10381 
1167 
34963 
228502 
21657 
18586 
37019 
3232 
208035 
222373 
212136 
32938 
5303 
25784 
24762 
7359 
4288 
228545 
22727 
33992 
11471 
222421 
212181 
209114 
208090 
40157 
14557 
23777 
211170 
15587 
210151 
228588 
26861 
38132 
2295 
30970 
29948 
212226 
12547 
222469 
208140 
8460 
13582 
6414 
39186 
228631 
287 
16672 
212271 
32047 
20786 
222517 
19766 
208185 
27964 
1343 
228674 
210243 
36163 
35141 
28999 
209226 
3408 
211282 
4434 
17752 
9561 
212316 
10591 
222565 
208230 
18792 
5482 
21871 
228727 
37240 
25984 
33157 
7557 
212361 
34192 
208275 
24984 
22941 
222623 
210335 
11686 
14763 
228780 
23981 
15798 
2486 
209338 
8639 
212416 
208320 
211394 
31170 
27082 
6603 
38351 
463 
222681 
39386 
30170 
12762 
13787 
228833 
4587 
208365 
212471 
16888 
210427 
1531 
3584 
19970 
36363 
32269 
21005 
29199 
222739 
28179 
228886 
208410 
5661 
35363 
9766 
211498 
209450 
212526 
17968 
18998 
221752 
10809 
7744 
22085 
208455 
228939 
222797 
227921 
37462 
210519 
26199 
34392 
33372 
221792 
25184 
212581 
8818 
208500 
2677 
211576 
24185 
14969 
23165 
11901 
639 
228992 
227974 
222855 
6792 
16009 
31385 
221850 
209562 
212636 
4766 
208545 
39586 
30370 
38566 
27303 
12967 
13992 
211631 
3760 
210610 
229044 
1722 
228027 
222913 
20174 
17104 
212691 
221908 
5844 
29399 
208600 
21214 
229088 
36578 
211686 
35563 
32491 
28399 
228080 
9971 
7923 
222970 
18174 
19204 
8967 
212746 
209674 
221966 
208655 
22299 
211741 
34592 
11041 
210722 
228133 
25384 
26409 
223020 
815 
37684 
2868 
212792 
33592 
24389 
6981 
208710 
15175 
222024 
23369 
4945 
211796 
12116 
14168 
228186 
3936 
39786 
30570 
31595 
16240 
13172 
209783 
1913 
208765 
207741 
222082 
38786 
27524 
211851 
228239 
210834 
6037 
20378 
29599 
8102 
9127 
17320 
35763 
208820 
36788 
19380 
28599 
222136 
228287 
10176 
211906 
21443 
207815 
32713 
18380 
209875 
991 
222181 
34792 
228330 
208875 
25584 
3056 
22513 
24563 
211956 
11256 
207870 
)

// ************************************************************************* //
