/*--------------------------------*- C++ -*----------------------------------*\
| =========                 |                                                 |
| \\      /  F ield         | OpenFOAM: The Open Source CFD Toolbox           |
|  \\    /   O peration     | Version:  3.0.1                                 |
|   \\  /    A nd           | Web:      www.OpenFOAM.org                      |
|    \\/     M anipulation  |                                                 |
\*---------------------------------------------------------------------------*/
FoamFile
{
    version     2.0;
    format      binary;
    class       faceSet;
    location    "constant/polyMesh/sets";
    object      planX8;
}
// * * * * * * * * * * * * * * * * * * * * * * * * * * * * * * * * * * * * * //


500
(
40960 
24578 
22533 
207880 
11276 
41997 
68623 
33807 
7185 
5139 
59412 
210966 
66585 
228383 
222239 
26655 
4127 
37922 
14371 
70694 
50215 
23593 
15401 
212011 
208940 
60464 
57397 
49205 
207935 
12351 
65601 
40001 
30785 
209987 
2119 
228426 
55373 
222287 
69713 
46162 
29780 
13397 
208982 
212056 
39001 
16476 
6240 
31841 
62568 
61544 
8296 
64617 
47211 
58479 
43120 
27760 
228469 
207990 
54393 
52345 
20602 
68732 
19582 
126 
222335 
212101 
211078 
56456 
35978 
209036 
63628 
28814 
45201 
53394 
9362 
70803 
17556 
67733 
51350 
34973 
1182 
210079 
228512 
10401 
44201 
37034 
208045 
21677 
18606 
222383 
3247 
212146 
32953 
48314 
66749 
69822 
5318 
25799 
24777 
228555 
41163 
59598 
7374 
4303 
34007 
22747 
222431 
212191 
11491 
208100 
60644 
65765 
40167 
68841 
55531 
209134 
50417 
14577 
42227 
57589 
23797 
228598 
211190 
15607 
210171 
26876 
49407 
70912 
38147 
2310 
30985 
29963 
212236 
64781 
222479 
62740 
208150 
12567 
8475 
61724 
6429 
46366 
228641 
39201 
13602 
58664 
69931 
302 
16692 
45366 
212281 
67897 
63804 
54589 
32062 
222527 
47424 
208195 
56645 
20806 
52553 
19786 
27979 
228684 
1358 
36178 
43347 
35156 
68950 
29014 
210263 
4444 
53597 
51549 
209246 
3423 
66913 
212326 
211302 
17772 
71021 
9581 
222575 
208240 
44401 
10611 
5497 
18812 
228737 
21891 
37255 
59784 
65929 
25999 
212371 
55700 
33172 
7572 
41366 
70040 
60824 
50584 
48540 
208285 
40351 
34207 
24999 
222633 
57769 
64945 
22961 
210355 
228790 
11706 
14783 
24001 
69059 
2501 
62920 
49609 
212426 
208330 
15818 
209358 
8654 
61904 
42448 
31185 
211414 
27097 
71130 
6618 
68061 
38366 
478 
222691 
58854 
39401 
30185 
46570 
228843 
63980 
45550 
12782 
13807 
208375 
4602 
212481 
54785 
56834 
70149 
67077 
1546 
16908 
210447 
3599 
19990 
36378 
52764 
32284 
222749 
29214 
47647 
228896 
71200 
21025 
28194 
208420 
51748 
5676 
66093 
43566 
69168 
53808 
35378 
212536 
211513 
44601 
9786 
221757 
209470 
59970 
50756 
17988 
19018 
61004 
57933 
10829 
7759 
208465 
55889 
228949 
65109 
222807 
22105 
227931 
41569 
37477 
26214 
34407 
221802 
40554 
210539 
33387 
212591 
25199 
70258 
48761 
63100 
62076 
208510 
68225 
8833 
211586 
2692 
229002 
24205 
14989 
654 
227984 
222865 
23185 
11921 
49811 
6807 
64156 
69277 
16029 
59040 
221860 
212646 
31400 
67241 
208555 
4781 
209582 
42672 
39601 
30385 
38581 
46774 
27318 
211641 
45754 
12987 
14012 
229054 
57023 
3775 
228037 
54981 
210630 
1737 
222923 
66257 
60120 
212701 
221918 
70367 
208610 
20194 
5859 
17124 
229093 
29414 
51947 
211696 
52976 
54001 
36593 
21234 
65273 
228090 
35578 
32506 
47867 
28414 
58111 
61184 
44801 
7938 
222980 
43781 
9991 
50952 
69386 
56078 
8977 
18194 
212756 
221976 
19224 
208665 
209694 
62240 
68389 
211751 
63276 
228143 
34607 
22319 
223025 
40757 
11061 
210742 
25399 
26424 
41787 
212797 
830 
37699 
2883 
33607 
70476 
64332 
67405 
208720 
222034 
6996 
24409 
59226 
15195 
50013 
23389 
211806 
4960 
228196 
14183 
12136 
49003 
3951 
66421 
69495 
39801 
30585 
31610 
60284 
57212 
46978 
16260 
45958 
208775 
13192 
1928 
55177 
209803 
222092 
207756 
42896 
38801 
27539 
211861 
228249 
65437 
68514 
6052 
210854 
29614 
20398 
52146 
61364 
54197 
8117 
70585 
58299 
9147 
17340 
208830 
222146 
53186 
35778 
36803 
19395 
62404 
28614 
228297 
45001 
56267 
211916 
51151 
207825 
10196 
64469 
21463 
32728 
63452 
48095 
18400 
44001 
69604 
209895 
1006 
222191 
67569 
228340 
208885 
34807 
211966 
25599 
3071 
)

// ************************************************************************* //
