/*--------------------------------*- C++ -*----------------------------------*\
| =========                 |                                                 |
| \\      /  F ield         | OpenFOAM: The Open Source CFD Toolbox           |
|  \\    /   O peration     | Version:  3.0.1                                 |
|   \\  /    A nd           | Web:      www.OpenFOAM.org                      |
|    \\/     M anipulation  |                                                 |
\*---------------------------------------------------------------------------*/
FoamFile
{
    version     2.0;
    format      binary;
    class       faceSet;
    location    "constant/polyMesh/sets";
    object      planX3;
}
// * * * * * * * * * * * * * * * * * * * * * * * * * * * * * * * * * * * * * //


650
(
212997 
231430 
223242 
61453 
225295 
8208 
20502 
221208 
215064 
53275 
217116 
229406 
219166 
69663 
51240 
36906 
42 
28717 
45104 
213042 
231475 
63541 
223292 
32831 
10303 
225345 
221253 
67658 
18506 
229451 
34896 
213087 
231520 
41063 
24681 
59501 
22637 
223342 
221298 
225395 
215155 
217207 
229496 
4216 
219258 
26758 
213132 
69772 
231565 
14477 
57486 
55448 
65690 
49308 
221343 
223392 
2208 
229541 
225445 
30888 
12458 
213177 
231610 
6331 
39104 
61633 
8387 
16582 
225481 
221388 
215246 
229586 
223442 
217298 
47314 
219350 
43223 
215 
20706 
63717 
213222 
231655 
45290 
53483 
225518 
67822 
51439 
35060 
28917 
221433 
69881 
229631 
223492 
10508 
37137 
213267 
231700 
18712 
4378 
225564 
33056 
221478 
59687 
215337 
229676 
217389 
219441 
223538 
41266 
55604 
65854 
24894 
213312 
231745 
22851 
225614 
57678 
221523 
229721 
14683 
2399 
26979 
69990 
49510 
223591 
213357 
231790 
31088 
61813 
8566 
6520 
225664 
221568 
12674 
215428 
229766 
391 
217480 
39304 
219532 
45453 
67986 
63893 
213402 
231835 
223645 
16798 
4517 
47527 
221613 
20910 
225714 
229811 
53686 
51638 
43450 
29117 
213447 
231880 
35273 
223699 
70099 
221658 
10718 
215519 
229856 
59873 
66018 
217571 
225764 
18918 
219624 
55789 
37358 
213492 
231925 
33275 
41469 
57858 
221703 
223753 
229901 
25102 
225814 
23065 
2590 
213537 
231970 
221734 
61993 
14889 
8745 
49712 
6709 
68150 
567 
31288 
229946 
215610 
217662 
223807 
70208 
27200 
219716 
64069 
225864 
213582 
232015 
39504 
45653 
4693 
12889 
229991 
223861 
17014 
225914 
213627 
232060 
51837 
29317 
66182 
47750 
53897 
21129 
60045 
230036 
215701 
43669 
217753 
35481 
219807 
58022 
223911 
213672 
232105 
55978 
225964 
70317 
19124 
10936 
230081 
41672 
37580 
8910 
33490 
213717 
62165 
232150 
25302 
223961 
226010 
68314 
2781 
743 
230126 
215792 
6898 
217844 
64245 
15095 
23289 
219898 
49914 
213762 
232195 
4872 
224011 
226063 
31503 
39704 
70426 
230171 
27421 
60193 
45857 
13094 
66346 
213807 
232240 
230202 
224061 
226116 
52036 
54090 
215883 
29517 
17230 
217935 
219989 
58200 
21338 
9051 
213852 
232285 
230238 
35681 
47970 
56167 
43884 
224111 
68464 
19316 
226169 
62329 
70535 
213897 
232330 
230283 
64407 
919 
2972 
25502 
11168 
224161 
41890 
215974 
213928 
218026 
37802 
226219 
33710 
7087 
220080 
232375 
230328 
5051 
50116 
23493 
15301 
66510 
224211 
60373 
232406 
213978 
68573 
39904 
226273 
31713 
230373 
46061 
13299 
70644 
224247 
27642 
216065 
218117 
29703 
220171 
52235 
54286 
230418 
58388 
226326 
224284 
62493 
19485 
64542 
56356 
9253 
17446 
35881 
214061 
230463 
21567 
48198 
1095 
226376 
44104 
224330 
68682 
216143 
3160 
218208 
70753 
220262 
25702 
230508 
7276 
5230 
66674 
42100 
33910 
11383 
226426 
224380 
214152 
60553 
38025 
50318 
23697 
15507 
216212 
230553 
40090 
29867 
226476 
224430 
68791 
46265 
218299 
13504 
220353 
62657 
64706 
230598 
58568 
31944 
70862 
54482 
52434 
27863 
226526 
224480 
56545 
214243 
19686 
216295 
36081 
230643 
1271 
17662 
3336 
218377 
9483 
226576 
44304 
224530 
21781 
66838 
220444 
230688 
48417 
5409 
68900 
7465 
25902 
70971 
60733 
214334 
40254 
34110 
226626 
216386 
224580 
50506 
230733 
218446 
11598 
42330 
23901 
15713 
64870 
38250 
62829 
226676 
224630 
220535 
230778 
30080 
58753 
46469 
13709 
69009 
54678 
226712 
214425 
216477 
56734 
218529 
52642 
32165 
230823 
1447 
224680 
71080 
28082 
19890 
3512 
36281 
67002 
220613 
230868 
5588 
17878 
44504 
9688 
224730 
50657 
21995 
7663 
60913 
214516 
26102 
216568 
220668 
218620 
69118 
230913 
48643 
40454 
34310 
71175 
224776 
65034 
63009 
11813 
220713 
24105 
230958 
15924 
42551 
224829 
58943 
38469 
214607 
30288 
46673 
216659 
220758 
218711 
54874 
13914 
231003 
56923 
67166 
1635 
3688 
69227 
224882 
52853 
20094 
36481 
220803 
32387 
5767 
231048 
28297 
50845 
44704 
61093 
9893 
224935 
214698 
7850 
216750 
65198 
18094 
220848 
218802 
231093 
22209 
26317 
34510 
40657 
63189 
69336 
224988 
220893 
48864 
231138 
24309 
59129 
12028 
67330 
214790 
16135 
216841 
220938 
218893 
231183 
229136 
225042 
42775 
57112 
30488 
3864 
14106 
38684 
46877 
55070 
1826 
220983 
231228 
229181 
5950 
69445 
225095 
53065 
20298 
223055 
65362 
36696 
61273 
8029 
51041 
32609 
214882 
221028 
216932 
28517 
218984 
44904 
231273 
229226 
10098 
223092 
212854 
225145 
18300 
63365 
231304 
221073 
34710 
229271 
22423 
40860 
26527 
223142 
67494 
225195 
212907 
231340 
69554 
59315 
24499 
214973 
221118 
217024 
14274 
219075 
229316 
4040 
49106 
12243 
57301 
223192 
212952 
231385 
225245 
30688 
2017 
55266 
47081 
221163 
16366 
229361 
65526 
42999 
38904 
6143 
)

// ************************************************************************* //
