/*--------------------------------*- C++ -*----------------------------------*\
| =========                 |                                                 |
| \\      /  F ield         | OpenFOAM: The Open Source CFD Toolbox           |
|  \\    /   O peration     | Version:  3.0.1                                 |
|   \\  /    A nd           | Web:      www.OpenFOAM.org                      |
|    \\/     M anipulation  |                                                 |
\*---------------------------------------------------------------------------*/
FoamFile
{
    version     2.0;
    format      binary;
    class       faceSet;
    location    "constant/polyMesh/sets";
    object      planX6;
}
// * * * * * * * * * * * * * * * * * * * * * * * * * * * * * * * * * * * * * //


1160
(
4097 
172034 
172039 
172045 
12309 
57367 
49175 
208920 
114715 
159772 
159777 
114723 
65571 
159783 
167977 
114733 
167982 
110640 
16433 
167990 
110648 
69693 
110658 
61514 
8266 
208972 
20562 
106584 
204893 
106592 
96 
204899 
204901 
53352 
106602 
209006 
28784 
45171 
36995 
163984 
32915 
163988 
200858 
163995 
200864 
200866 
69802 
24747 
41133 
4273 
204986 
204992 
204994 
209094 
65735 
168148 
57559 
168153 
184539 
168161 
49377 
184546 
172259 
184549 
196839 
172264 
114923 
196845 
172270 
196847 
12528 
114931 
114941 
8445 
61694 
184575 
110851 
184582 
164102 
184585 
106761 
16649 
164106 
110859 
164110 
272 
106769 
110869 
200982 
69911 
106779 
20766 
200991 
45346 
200995 
184612 
184616 
184622 
53555 
209206 
28984 
201025 
201029 
4424 
201035 
196941 
196948 
196951 
37217 
65899 
33134 
205168 
196977 
196981 
205174 
205176 
41336 
196987 
188798 
168320 
70020 
188805 
168325 
188808 
24969 
57739 
168332 
172440 
172444 
188834 
172451 
209318 
188841 
49579 
188844 
8624 
61874 
192949 
106938 
192956 
192959 
12736 
448 
115138 
106946 
188871 
188875 
106956 
115150 
45520 
188881 
192985 
115161 
4572 
192992 
16865 
192995 
20976 
70129 
168439 
168443 
111100 
193022 
168447 
29184 
193026 
53766 
193032 
111112 
66063 
111123 
209430 
172584 
172589 
57903 
221747 
172595 
37439 
41539 
33352 
25169 
221782 
70238 
62046 
8803 
107112 
624 
107122 
49781 
107135 
205442 
209542 
205448 
205450 
4751 
221840 
12947 
45724 
172722 
66227 
172726 
17081 
172731 
29384 
21193 
221898 
70347 
53971 
58081 
209654 
193277 
8957 
62210 
193283 
221956 
193285 
41748 
172825 
25369 
172829 
37661 
33565 
172831 
800 
70456 
222014 
49983 
156481 
4930 
201541 
197446 
156488 
201548 
197453 
185166 
201551 
156495 
197456 
205650 
185173 
66391 
205656 
185176 
205658 
13152 
209764 
45928 
201577 
197485 
201584 
185202 
201587 
197494 
222072 
185209 
197498 
185212 
160649 
201614 
160654 
29584 
17297 
201618 
160659 
9107 
197525 
185239 
54167 
201624 
197529 
185243 
58269 
197535 
185249 
70565 
62374 
21417 
222128 
156594 
156599 
156605 
976 
193491 
193499 
193503 
25569 
41963 
189422 
33777 
189429 
5109 
189432 
66555 
193532 
37884 
193536 
193542 
50185 
189458 
70674 
189465 
189468 
13357 
46132 
189495 
156727 
189499 
156735 
29760 
189505 
156744 
62538 
58449 
205912 
54363 
205918 
205920 
9312 
17513 
164982 
164987 
70783 
21631 
164992 
1152 
115842 
115854 
115861 
160925 
66719 
111776 
160930 
5288 
25769 
160938 
111787 
111801 
33977 
156872 
42191 
156880 
50387 
156889 
38109 
70892 
29933 
62710 
13562 
46336 
58634 
206094 
206100 
206102 
54559 
1328 
189747 
189753 
189755 
107840 
66883 
17732 
9541 
107852 
116046 
21846 
157017 
107865 
71001 
116059 
5467 
157025 
161122 
161127 
116073 
111977 
157034 
161135 
25969 
111986 
165238 
165243 
111997 
34177 
165251 
50564 
173452 
173457 
222612 
173460 
169365 
169369 
169373 
62890 
42410 
38328 
185793 
71110 
13767 
193992 
185800 
58824 
185803 
30155 
46540 
222671 
193999 
194002 
173524 
173529 
173532 
54755 
185829 
1510 
67047 
157162 
185836 
194031 
185839 
157170 
194040 
108025 
157179 
194044 
108033 
222729 
185866 
108043 
185870 
5646 
9746 
185876 
189973 
71190 
17942 
194071 
194075 
189981 
189983 
194081 
165409 
165414 
50726 
161319 
161324 
22060 
165422 
173620 
161332 
173625 
173628 
190014 
26175 
190017 
222787 
190023 
34377 
63070 
112224 
104038 
112232 
116331 
112242 
104051 
116343 
157307 
222845 
104064 
202369 
59010 
157315 
116356 
202376 
198280 
42634 
202379 
67211 
157324 
198287 
198290 
169618 
38546 
30355 
13972 
169623 
46744 
169631 
1698 
173731 
202405 
54951 
173736 
173739 
202412 
198316 
202415 
198323 
198326 
222903 
5827 
202442 
108234 
165580 
202446 
198353 
165585 
108242 
202452 
198357 
165593 
198363 
108252 
9951 
50922 
18154 
161516 
222960 
161521 
161529 
173824 
157440 
22274 
173829 
173832 
157448 
210702 
157454 
63246 
34577 
26390 
223015 
116524 
186159 
67375 
186165 
186167 
116536 
104250 
59196 
104259 
116549 
173896 
14153 
173901 
104269 
173904 
112469 
169819 
30555 
112477 
169824 
1889 
46948 
112487 
38759 
169832 
42858 
55147 
165751 
165756 
6012 
210814 
165764 
157577 
173962 
157581 
173966 
173968 
157586 
108440 
108448 
108458 
10156 
161713 
51121 
161718 
18360 
161726 
63422 
67539 
22488 
34777 
210926 
190453 
59382 
104439 
26619 
14331 
190460 
190463 
104448 
104458 
186391 
190489 
186398 
190496 
2080 
186401 
165922 
190499 
30755 
165927 
165935 
55343 
47160 
194619 
38971 
186428 
190526 
186432 
6209 
194626 
190530 
112708 
194629 
186438 
116807 
190536 
43082 
112716 
116818 
112726 
211038 
194655 
116832 
170085 
194662 
108646 
194665 
170090 
161899 
108654 
63598 
161903 
170098 
161910 
67703 
108664 
51320 
10361 
194692 
18566 
194696 
34953 
194702 
22702 
59568 
104628 
104637 
166085 
104647 
14537 
166090 
211150 
166097 
26838 
55511 
2271 
162022 
162026 
30955 
162031 
6397 
39171 
112916 
117018 
67867 
112924 
63774 
47390 
112934 
117031 
43309 
170289 
108852 
117045 
170294 
35126 
166201 
108860 
166205 
211262 
170302 
51519 
166209 
108870 
10568 
18772 
59754 
104817 
55670 
203128 
104826 
203135 
203138 
104836 
22919 
14743 
203164 
2462 
203171 
203174 
211374 
31155 
27059 
6586 
68031 
203201 
199108 
203205 
182726 
203211 
199115 
39371 
182733 
199118 
63950 
182736 
170460 
170465 
113125 
199144 
170473 
182766 
199151 
113137 
199154 
182770 
117239 
182776 
113148 
47612 
109060 
117253 
51718 
43528 
199181 
109069 
117262 
199185 
35348 
199191 
109081 
211483 
18978 
59940 
10788 
105006 
55859 
186935 
105015 
186942 
186945 
105025 
227911 
186971 
23133 
2653 
186978 
68195 
186981 
14949 
191083 
211566 
191090 
191093 
6775 
227964 
64126 
187008 
31361 
187012 
170629 
187018 
170634 
191119 
27280 
170641 
39571 
191126 
191129 
211621 
195240 
158378 
195247 
158384 
228017 
195250 
191156 
158390 
191160 
191166 
60100 
195276 
51917 
195283 
195286 
47832 
211676 
35548 
43746 
228070 
56048 
19184 
195313 
195317 
195323 
170748 
170752 
170756 
68359 
11016 
105229 
211731 
105239 
228123 
2844 
105251 
64302 
15155 
6964 
23349 
211786 
228176 
31576 
39771 
60254 
27501 
207726 
211841 
228229 
68494 
52116 
35748 
19365 
56237 
43959 
228280 
211896 
48060 
207805 
64449 
3035 
11234 
211949 
158703 
7153 
207860 
158708 
183285 
158715 
68603 
183292 
183295 
23553 
15361 
60434 
183321 
183328 
183331 
39971 
207915 
31805 
183358 
183362 
162887 
183368 
27722 
162891 
64587 
162895 
19542 
52315 
207970 
68712 
56426 
35948 
44171 
113809 
3217 
48279 
208025 
113822 
187556 
203947 
187563 
113835 
167084 
158892 
187566 
7342 
158897 
203954 
167090 
203957 
167096 
158904 
11449 
60614 
187592 
23757 
187599 
15567 
208080 
203986 
187602 
40147 
68821 
191704 
203993 
203996 
191711 
191714 
109804 
187629 
64751 
199921 
187633 
204023 
187639 
199928 
109816 
204027 
199931 
191740 
204033 
191747 
208133 
191750 
109830 
199957 
195861 
32024 
199964 
195868 
199967 
195871 
52511 
191777 
19746 
191781 
27941 
56615 
191787 
36148 
195897 
199994 
199998 
195904 
3393 
68930 
195907 
200004 
163140 
163144 
163153 
44371 
195934 
195938 
195944 
159081 
7531 
228717 
159086 
159093 
48505 
60794 
114044 
40321 
114052 
114062 
11664 
64915 
23961 
15775 
228770 
69039 
110005 
212406 
110014 
110025 
167377 
167382 
228823 
167390 
56804 
212461 
19950 
163311 
3569 
52722 
163316 
32246 
163324 
36348 
28159 
228876 
44571 
69148 
212516 
159270 
159275 
7725 
60974 
159282 
106037 
65079 
106048 
228929 
106060 
40524 
48726 
212571 
24165 
11879 
183912 
183919 
114288 
183922 
228982 
15990 
114296 
171645 
171650 
114306 
171653 
69257 
110218 
183948 
212626 
110226 
183955 
183958 
167575 
163482 
167580 
110236 
163487 
56993 
3745 
167588 
163495 
229034 
183985 
183989 
20154 
183995 
52934 
212681 
36554 
208590 
32468 
28372 
229083 
65243 
61154 
159459 
44771 
7908 
159464 
159471 
106230 
69366 
106238 
212736 
208645 
106248 
188177 
40727 
188184 
188187 
204577 
114471 
204584 
204587 
114479 
24369 
212787 
188213 
48949 
114489 
208700 
188220 
12094 
188223 
204613 
192325 
163653 
163658 
204620 
192332 
204623 
192335 
3921 
163666 
171863 
16216 
188250 
171868 
110429 
188254 
57182 
167776 
171874 
69475 
200548 
188260 
167781 
110437 
192361 
204650 
200555 
167789 
204654 
200558 
110447 
192368 
208755 
192371 
204660 
65407 
196485 
20358 
200584 
196492 
192398 
200591 
196495 
159631 
200594 
192402 
159635 
61334 
8087 
192408 
53144 
159641 
36769 
106407 
28584 
196521 
208810 
44971 
200621 
106415 
196528 
200625 
32690 
196531 
200631 
106425 
196558 
69584 
196562 
196568 
208865 
40930 
24548 
163824 
163829 
163837 
)

// ************************************************************************* //
