/*--------------------------------*- C++ -*----------------------------------*\
| =========                 |                                                 |
| \\      /  F ield         | OpenFOAM: The Open Source CFD Toolbox           |
|  \\    /   O peration     | Version:  3.0.1                                 |
|   \\  /    A nd           | Web:      www.OpenFOAM.org                      |
|    \\/     M anipulation  |                                                 |
\*---------------------------------------------------------------------------*/
FoamFile
{
    version     2.0;
    format      binary;
    class       cellSet;
    location    "constant/polyMesh/sets";
    object      refinedCells;
}
// * * * * * * * * * * * * * * * * * * * * * * * * * * * * * * * * * * * * * //


11670
(
50071 
50072 
50073 
50074 
50075 
50076 
50077 
50085 
50086 
50087 
50088 
50089 
50090 
50091 
50099 
50100 
50101 
50102 
50103 
50104 
50105 
50113 
50114 
50115 
50116 
50117 
50118 
50119 
50127 
50128 
50129 
50130 
50131 
50132 
50133 
50141 
50142 
50143 
50144 
50145 
50146 
50147 
50155 
50156 
50157 
50158 
50159 
50160 
50161 
50169 
50170 
50171 
50172 
50173 
50174 
50175 
50491 
50492 
50493 
50494 
50495 
50496 
50497 
50540 
50541 
50542 
50543 
50544 
50545 
50546 
50554 
50555 
50556 
50557 
50558 
50559 
50560 
50568 
50569 
50570 
50571 
50572 
50573 
50574 
50582 
50583 
50584 
50585 
50586 
50587 
50588 
50596 
50597 
50598 
50599 
50600 
50601 
50602 
50610 
50611 
50612 
50613 
50614 
50615 
50616 
50624 
50625 
50626 
50627 
50628 
50629 
50630 
50645 
50646 
50647 
50648 
50649 
50650 
50651 
50659 
50660 
50661 
50662 
50663 
50664 
50665 
50673 
50674 
50675 
50676 
50677 
50678 
50679 
50687 
50688 
50689 
50690 
50691 
50692 
50693 
50701 
50702 
50703 
50704 
50705 
50706 
50707 
50715 
50716 
50717 
50718 
50719 
50720 
50721 
50729 
50730 
50731 
50732 
50733 
50734 
50735 
50743 
50744 
50745 
50746 
50747 
50748 
50749 
51079 
51080 
51081 
51082 
51083 
51084 
51085 
51128 
51129 
51130 
51131 
51132 
51133 
51134 
51142 
51143 
51144 
51145 
51146 
51147 
51148 
51156 
51157 
51158 
51159 
51160 
51161 
51162 
51170 
51171 
51172 
51173 
51174 
51175 
51176 
51184 
51185 
51186 
51187 
51188 
51189 
51190 
51198 
51199 
51200 
51201 
51202 
51203 
51204 
51212 
51213 
51214 
51215 
51216 
51217 
51218 
51233 
51234 
51235 
51236 
51237 
51238 
51239 
51247 
51248 
51249 
51250 
51251 
51252 
51253 
51261 
51262 
51263 
51264 
51265 
51266 
51267 
51275 
51276 
51277 
51278 
51279 
51280 
51281 
51289 
51290 
51291 
51292 
51293 
51294 
51295 
51303 
51304 
51305 
51306 
51307 
51308 
51309 
51317 
51318 
51319 
51320 
51321 
51322 
51323 
51331 
51332 
51333 
51334 
51335 
51336 
51337 
51485 
51486 
51487 
51488 
51489 
51490 
51491 
51493 
51495 
51497 
51681 
51682 
51683 
51684 
51685 
51686 
51687 
68072 
68073 
68074 
68075 
68076 
68077 
68078 
68079 
68080 
68081 
68082 
68083 
68084 
68085 
68086 
68087 
68088 
68089 
68090 
68091 
68092 
68093 
68094 
68095 
68096 
68097 
68098 
68099 
68100 
68101 
68102 
68103 
68104 
68105 
68106 
68107 
68108 
68109 
68110 
68111 
68112 
68113 
68114 
51730 
68115 
51731 
68116 
51732 
68117 
51733 
68118 
51734 
68119 
51735 
68120 
51736 
68121 
68122 
68123 
68124 
68125 
68126 
68127 
68128 
51744 
68129 
51745 
68130 
51746 
68131 
51747 
68132 
51748 
68133 
51749 
68134 
51750 
68135 
68136 
68137 
68138 
68139 
68140 
68141 
68142 
51758 
68143 
51759 
68144 
51760 
68145 
51761 
68146 
51762 
68147 
51763 
68148 
51764 
68149 
68150 
68151 
68152 
68153 
68154 
68155 
68156 
51772 
68157 
51773 
68158 
51774 
68159 
51775 
68160 
51776 
68161 
51777 
68162 
51778 
68163 
68164 
68165 
68166 
68167 
68168 
68169 
68170 
51786 
68171 
51787 
68172 
51788 
68173 
51789 
68174 
51790 
68175 
51791 
68176 
51792 
68177 
68178 
68179 
68180 
68181 
68182 
68183 
68184 
51800 
68185 
51801 
68186 
51802 
68187 
51803 
68188 
51804 
68189 
51805 
68190 
51806 
68191 
68192 
68193 
68194 
68195 
68196 
68197 
68198 
51814 
68199 
51815 
68200 
51816 
68201 
51817 
68202 
51818 
68203 
51819 
68204 
51820 
68205 
68206 
68207 
68208 
68209 
68210 
68211 
68212 
68213 
68214 
68215 
68216 
68217 
68218 
68219 
68220 
68221 
68222 
68223 
68224 
68225 
68226 
68227 
68228 
68229 
68230 
68231 
68232 
68233 
68234 
68235 
68236 
68237 
68238 
68239 
68240 
68241 
68242 
68243 
68244 
68245 
68246 
68247 
68248 
68249 
68250 
68251 
68252 
68253 
68254 
68255 
68256 
68257 
68258 
68259 
68260 
68261 
2725 
68262 
2726 
68263 
2727 
68264 
2728 
68265 
2729 
68266 
2730 
68267 
2731 
68268 
2732 
68269 
2733 
68270 
2734 
68271 
2735 
68272 
2736 
68273 
2737 
68274 
2738 
68275 
2739 
68276 
2740 
68277 
2741 
68278 
2742 
68279 
2743 
68280 
2744 
68281 
2745 
68282 
2746 
68283 
2747 
68284 
2748 
68285 
2749 
68286 
2750 
68287 
2751 
68288 
2752 
68289 
2753 
68290 
68291 
68292 
68293 
68294 
68295 
68296 
68297 
68298 
68299 
68300 
68301 
68302 
68303 
68304 
68305 
68306 
68307 
68308 
68309 
68310 
68311 
68312 
68313 
68314 
68315 
2779 
68316 
2780 
68317 
2781 
68318 
2782 
68319 
2783 
68320 
2784 
68321 
2785 
68322 
2786 
68323 
2787 
68324 
2788 
68325 
2789 
68326 
2790 
68327 
2791 
68328 
2792 
68329 
2793 
68330 
2794 
68331 
2795 
68332 
2796 
68333 
2797 
68334 
2798 
68335 
2799 
68336 
2800 
68337 
2801 
68338 
2802 
68339 
2803 
68340 
2804 
68341 
2805 
68342 
2806 
68343 
2807 
68344 
68345 
68346 
68347 
68348 
68349 
68350 
68351 
68352 
68353 
68354 
68355 
68356 
68357 
68358 
68359 
68360 
68361 
68362 
68363 
68364 
68365 
68366 
68367 
68368 
68369 
2833 
68370 
2834 
68371 
2835 
68372 
2836 
68373 
2837 
68374 
2838 
68375 
2839 
68376 
2840 
68377 
2841 
68378 
2842 
68379 
2843 
68380 
2844 
68381 
2845 
68382 
2846 
68383 
2847 
68384 
2848 
68385 
2849 
68386 
2850 
68387 
2851 
68388 
2852 
68389 
2853 
68390 
2854 
68391 
2855 
68392 
2856 
68393 
2857 
68394 
2858 
68395 
2859 
68396 
2860 
68397 
2861 
68398 
68399 
68400 
68401 
68402 
68403 
68404 
68405 
68406 
68407 
68408 
68409 
68410 
68411 
68412 
68413 
68414 
68415 
68416 
68417 
68418 
68419 
68420 
68421 
68422 
68423 
2887 
68424 
2888 
68425 
2889 
68426 
2890 
68427 
2891 
68428 
2892 
68429 
2893 
68430 
2894 
68431 
2895 
68432 
2896 
68433 
2897 
68434 
2898 
68435 
2899 
68436 
2900 
68437 
2901 
68438 
2902 
68439 
2903 
68440 
2904 
68441 
2905 
68442 
2906 
68443 
2907 
68444 
2908 
68445 
2909 
68446 
2910 
68447 
2911 
68448 
2912 
68449 
2913 
68450 
2914 
68451 
2915 
68452 
68453 
68454 
68455 
68456 
68457 
68458 
68459 
68460 
68461 
68462 
68463 
68464 
68465 
68466 
68467 
68468 
68469 
68470 
68471 
68472 
68473 
68474 
68475 
68476 
68477 
2941 
68478 
2942 
68479 
2943 
68480 
2944 
68481 
2945 
68482 
2946 
68483 
2947 
68484 
2948 
68485 
2949 
68486 
2950 
68487 
2951 
68488 
2952 
68489 
2953 
68490 
2954 
68491 
2955 
68492 
2956 
68493 
2957 
68494 
2958 
68495 
2959 
68496 
2960 
68497 
2961 
68498 
2962 
68499 
2963 
68500 
2964 
68501 
2965 
68502 
2966 
68503 
2967 
68504 
2968 
68505 
2969 
68506 
68507 
68508 
68509 
68510 
68511 
68512 
68513 
68514 
68515 
68516 
68517 
68518 
68519 
68520 
68521 
68522 
68523 
68524 
68525 
68526 
68527 
68528 
68529 
68530 
68531 
2995 
68532 
2996 
68533 
2997 
68534 
2998 
68535 
2999 
68536 
3000 
68537 
3001 
68538 
3002 
68539 
3003 
68540 
3004 
68541 
3005 
68542 
3006 
68543 
3007 
68544 
3008 
68545 
3009 
68546 
3010 
68547 
3011 
68548 
3012 
68549 
3013 
68550 
3014 
68551 
3015 
68552 
3016 
68553 
3017 
68554 
3018 
68555 
3019 
68556 
3020 
68557 
3021 
68558 
3022 
68559 
3023 
68560 
68561 
68562 
68563 
68564 
68565 
68566 
68567 
68568 
68569 
68570 
68571 
68572 
68573 
68574 
68575 
68576 
68577 
68578 
68579 
68580 
68581 
68582 
68583 
68584 
68585 
3049 
68586 
3050 
68587 
3051 
68588 
3052 
68589 
3053 
68590 
3054 
68591 
3055 
68592 
3056 
68593 
3057 
68594 
3058 
68595 
3059 
68596 
3060 
68597 
3061 
68598 
3062 
68599 
3063 
68600 
3064 
68601 
3065 
68602 
3066 
68603 
3067 
68604 
3068 
68605 
3069 
68606 
3070 
68607 
3071 
68608 
3072 
68609 
3073 
68610 
3074 
68611 
3075 
68612 
3076 
68613 
3077 
68614 
68615 
35847 
68616 
35848 
68617 
35849 
68618 
35850 
68619 
35851 
68620 
35852 
68621 
35853 
68622 
35854 
68623 
35855 
68624 
35856 
68625 
35857 
68626 
35858 
68627 
35859 
68628 
35860 
68629 
68630 
68631 
68632 
68633 
68634 
68635 
68636 
68637 
68638 
68639 
3103 
68640 
3104 
68641 
3105 
68642 
3106 
68643 
3107 
68644 
3108 
68645 
3109 
68646 
3110 
68647 
3111 
68648 
3112 
68649 
3113 
68650 
3114 
68651 
3115 
68652 
3116 
68653 
3117 
68654 
3118 
68655 
3119 
68656 
3120 
68657 
3121 
68658 
3122 
68659 
3123 
68660 
3124 
68661 
3125 
68662 
3126 
68663 
3127 
68664 
3128 
68665 
3129 
68666 
3130 
68667 
3131 
68668 
68669 
68670 
68671 
35903 
68672 
35904 
68673 
35905 
68674 
35906 
68675 
35907 
68676 
35908 
68677 
35909 
68678 
68679 
68680 
68681 
68682 
68683 
68684 
68685 
68686 
68687 
68688 
68689 
68690 
68691 
68692 
68693 
68694 
68695 
68696 
68697 
68698 
3162 
68699 
3163 
68700 
3164 
68701 
3165 
68702 
3166 
68703 
3167 
68704 
3168 
68705 
3169 
68706 
3170 
68707 
3171 
68708 
3172 
68709 
3173 
68710 
3174 
68711 
3175 
68712 
3176 
68713 
3177 
68714 
3178 
68715 
3179 
68716 
3180 
68717 
3181 
68718 
3182 
68719 
3183 
68720 
3184 
68721 
3185 
68722 
68723 
68724 
68725 
68726 
35966 
35967 
35968 
35969 
35970 
35971 
35972 
3216 
3217 
3218 
3219 
3220 
3221 
3222 
3223 
3224 
3225 
3226 
3227 
3228 
3229 
3230 
3231 
3232 
3233 
3234 
3235 
3236 
3237 
3238 
3239 
36029 
36030 
36031 
36032 
36033 
36034 
36035 
3270 
3271 
3272 
3273 
3274 
3275 
3276 
3277 
3278 
3279 
3280 
3281 
3282 
3283 
3284 
3285 
3286 
3287 
3288 
3289 
3290 
3291 
3292 
3293 
3324 
36092 
3325 
36093 
3326 
36094 
3327 
36095 
3328 
36096 
3329 
36097 
3330 
36098 
3331 
3332 
3333 
3334 
3335 
3336 
3337 
3338 
3339 
3340 
3341 
3342 
3343 
3344 
3345 
3346 
3347 
3378 
3379 
3380 
3381 
3382 
3383 
3384 
3385 
3386 
3387 
3388 
3389 
3390 
3391 
3392 
3393 
3394 
3395 
3396 
3397 
3398 
3399 
3400 
3401 
36169 
36170 
36171 
36172 
36173 
36174 
36175 
3432 
3433 
3434 
3435 
3436 
3437 
3438 
3439 
3440 
3441 
3442 
3443 
3444 
3445 
3446 
3447 
3448 
3449 
3450 
3451 
3452 
3453 
3454 
3455 
3486 
3487 
3488 
3489 
3490 
3491 
3492 
3493 
3494 
3495 
3496 
3497 
3498 
3499 
3500 
3501 
3502 
3503 
3504 
3505 
3506 
3507 
3508 
3509 
3540 
3541 
3542 
3543 
3544 
3545 
3546 
3547 
3548 
3549 
3550 
3551 
3552 
3553 
3554 
3555 
3556 
3557 
3558 
3559 
3560 
3561 
3562 
3563 
36344 
36345 
36346 
36347 
36348 
36349 
36350 
3594 
3595 
3596 
3597 
3598 
3599 
3600 
3601 
3602 
3603 
3604 
3605 
3606 
3607 
3608 
3609 
3610 
3611 
3612 
3613 
3614 
3615 
3616 
3617 
3643 
3644 
3645 
3646 
36414 
3647 
36415 
3648 
36416 
3649 
36417 
3650 
36418 
3651 
36419 
3652 
36420 
3653 
3654 
3655 
3656 
3657 
3658 
3659 
3660 
3661 
3662 
3663 
3664 
3665 
3666 
3667 
3668 
3669 
3670 
3671 
3697 
3698 
3699 
3700 
3701 
3702 
3703 
3704 
3705 
3706 
3707 
3708 
3709 
3710 
3711 
3712 
3713 
3714 
3715 
3716 
3717 
3718 
3719 
3720 
3721 
3722 
3723 
3724 
3725 
3751 
3752 
3753 
3754 
3755 
3756 
3757 
3758 
3759 
3760 
3761 
3762 
3763 
3764 
3765 
3766 
3767 
3768 
3769 
3770 
3771 
3772 
3773 
3774 
3775 
3776 
3777 
3778 
3779 
3805 
3806 
3807 
3808 
3809 
3810 
3811 
3812 
3813 
3814 
3815 
3816 
3817 
3818 
3819 
3820 
3821 
36589 
3822 
36590 
3823 
36591 
3824 
36592 
3825 
36593 
3826 
36594 
3827 
36595 
3828 
3829 
3830 
3831 
3832 
3833 
3859 
3860 
3861 
3862 
3863 
3864 
3865 
3866 
3867 
3868 
3869 
3870 
3871 
3872 
3873 
3874 
3875 
3876 
3877 
3878 
3879 
3880 
3881 
3882 
3883 
3884 
3885 
3886 
3887 
36659 
36660 
36661 
36662 
36663 
36664 
36665 
3913 
3914 
3915 
3916 
3917 
3918 
3919 
3920 
3921 
3922 
3923 
3924 
3925 
3926 
3927 
3928 
3929 
3930 
3931 
3932 
3933 
3934 
3935 
3936 
3937 
3938 
3939 
3940 
3941 
3967 
3968 
3969 
3970 
3971 
3972 
3973 
3974 
3975 
3976 
3977 
3978 
3979 
3980 
3981 
3982 
3983 
3984 
3985 
3986 
3987 
3988 
3989 
3990 
3991 
3992 
3993 
3994 
3995 
4021 
4022 
4023 
4024 
4025 
4026 
4027 
4028 
4029 
4030 
4031 
4032 
4033 
4034 
4035 
4036 
4037 
4038 
4039 
4040 
4041 
4042 
4043 
4044 
4045 
4046 
4047 
4048 
4049 
69957 
69958 
69959 
69960 
69961 
69962 
69963 
69964 
69965 
69966 
69967 
69968 
69969 
69970 
69971 
69972 
69973 
69974 
69975 
69976 
69977 
69978 
20826 
69979 
69980 
20828 
69981 
69982 
20830 
69983 
69984 
69985 
69986 
69987 
69988 
69989 
69990 
69991 
69992 
20840 
69993 
69994 
20842 
69995 
69996 
20844 
69997 
69998 
69999 
70000 
70001 
70002 
70003 
70004 
70005 
70006 
20854 
70007 
70008 
20856 
70009 
70010 
20858 
70011 
70012 
70013 
70014 
70015 
70016 
70017 
70018 
70019 
70020 
20868 
70021 
70022 
20870 
70023 
70024 
20872 
70025 
70026 
70027 
70028 
70029 
70030 
70031 
70032 
70033 
70034 
20882 
70035 
70036 
20884 
70037 
70038 
20886 
70039 
70040 
70041 
70042 
70043 
70044 
70045 
70046 
70047 
70048 
70049 
70050 
20898 
70051 
70052 
70053 
70054 
70055 
70056 
70057 
70058 
70059 
70060 
70061 
70062 
70063 
70064 
70065 
70066 
70067 
70068 
70069 
70070 
70071 
70072 
70073 
70074 
70075 
70076 
70077 
70078 
70079 
70080 
70081 
70082 
70083 
70084 
70085 
70086 
70087 
70088 
20936 
70089 
70090 
20938 
70091 
70092 
20940 
70093 
70094 
70095 
70096 
70097 
70098 
70099 
70100 
70101 
70102 
70103 
70104 
20952 
70105 
70106 
70107 
70108 
70109 
70110 
70111 
70112 
70113 
70114 
70115 
70116 
70117 
70118 
70119 
70120 
70121 
70122 
70123 
70124 
70125 
70126 
70127 
70128 
70129 
70130 
70131 
70132 
70133 
70134 
70135 
70136 
70137 
70138 
70139 
70140 
70141 
70142 
20990 
70143 
70144 
20992 
70145 
70146 
20994 
70147 
70148 
70149 
70150 
70151 
70152 
70153 
70154 
70155 
70156 
70157 
70158 
21006 
70159 
70160 
70161 
70162 
70163 
70164 
70165 
70166 
70167 
70168 
70169 
70170 
70171 
70172 
70173 
70174 
70175 
70176 
70177 
70178 
70179 
70180 
70181 
70182 
70183 
70184 
70185 
70186 
70187 
70188 
70189 
70190 
70191 
70192 
70193 
70194 
70195 
70196 
70197 
70198 
70199 
70200 
70201 
70202 
70203 
70204 
70205 
70206 
70207 
70208 
70209 
70210 
70211 
70212 
70213 
70214 
70215 
70216 
70217 
70218 
70219 
70220 
70221 
70222 
70223 
70224 
70225 
70226 
70227 
70228 
70229 
70230 
70231 
70232 
70233 
70234 
70235 
70236 
70237 
70238 
70239 
70240 
70241 
70242 
70243 
70244 
70245 
70246 
70247 
70248 
70249 
70250 
70251 
70252 
70253 
70254 
70255 
70256 
70257 
70258 
70259 
70260 
70261 
70262 
70263 
70264 
70265 
70266 
70267 
70268 
70269 
70270 
70271 
70272 
70273 
70274 
70275 
70276 
70277 
70278 
70279 
70280 
70281 
70282 
70283 
70284 
70285 
70286 
70287 
70288 
70289 
70290 
70291 
70292 
70293 
70294 
70295 
70296 
70297 
70298 
70299 
70300 
70301 
70302 
70303 
70304 
70305 
70306 
70307 
70308 
70309 
70310 
70311 
70312 
70313 
70314 
70315 
70316 
70317 
70318 
70319 
70320 
70321 
70322 
70323 
70324 
70325 
70326 
70327 
70328 
70329 
70330 
70331 
70332 
70333 
70334 
70335 
70336 
70337 
70338 
70339 
70340 
70341 
70342 
70343 
70344 
70345 
70346 
70347 
70348 
70349 
70350 
70351 
70352 
70353 
70354 
70355 
70356 
70357 
70358 
70359 
70360 
70361 
70362 
70363 
70364 
70365 
70366 
70367 
70368 
70369 
70370 
70371 
70372 
70373 
70374 
70375 
70376 
70377 
70378 
70379 
70380 
70381 
70382 
70383 
70384 
70385 
70386 
70387 
70388 
70389 
70390 
70391 
70392 
70393 
70394 
70395 
70396 
70397 
70398 
70399 
70400 
70401 
70402 
70403 
70404 
70405 
70406 
70407 
70408 
70409 
70410 
70411 
70412 
70413 
70414 
70415 
70416 
70417 
70418 
70419 
70420 
70421 
70422 
70423 
70424 
70425 
70426 
70427 
70428 
70429 
70430 
70431 
70432 
70433 
70434 
70435 
70436 
70437 
70438 
70439 
70440 
70441 
70442 
70443 
70444 
70445 
70446 
70447 
70448 
70449 
70450 
70451 
70452 
70453 
70454 
70455 
70456 
70457 
70458 
70459 
70460 
70461 
70462 
70463 
70464 
70465 
70466 
70467 
70468 
70469 
70470 
70471 
70472 
70473 
70474 
70475 
70476 
70477 
70478 
70479 
70480 
70481 
70482 
70483 
70484 
70485 
70486 
70487 
70488 
70489 
70490 
70491 
70492 
70493 
70494 
70495 
70496 
70497 
70498 
70499 
70500 
70501 
70502 
70503 
70504 
70505 
70506 
70507 
70508 
70509 
70510 
70511 
70512 
70513 
70514 
70515 
70516 
70517 
70518 
70519 
70520 
70521 
70522 
70523 
70524 
70525 
70526 
70527 
70528 
70529 
70530 
70531 
70532 
70533 
70534 
70535 
70536 
70537 
70538 
70539 
70540 
70541 
70542 
70543 
70544 
70545 
70546 
70547 
70548 
70549 
70550 
70551 
70552 
70553 
70554 
70555 
70556 
70557 
70558 
70559 
70560 
70561 
70562 
70563 
70564 
70565 
70566 
70567 
70568 
70569 
70570 
70571 
70572 
70573 
70574 
70575 
70576 
70577 
70578 
70579 
70580 
70581 
70582 
70583 
70584 
70585 
70586 
70587 
70588 
70589 
70590 
70591 
70592 
70593 
70594 
70595 
70596 
70597 
70598 
70599 
70600 
70601 
70602 
70603 
70604 
70605 
70606 
70607 
70608 
70609 
70610 
70611 
70612 
70613 
70614 
70615 
70616 
70617 
70618 
70619 
70620 
70621 
70622 
70623 
70624 
70625 
70626 
70627 
70628 
70629 
70630 
70631 
70632 
70633 
70634 
70635 
70636 
70637 
70638 
70639 
70640 
70641 
70642 
70643 
70644 
70645 
70646 
70647 
70648 
70649 
70650 
70651 
70652 
70653 
70654 
70655 
70656 
70657 
70658 
70659 
70660 
70661 
70662 
70663 
70664 
70665 
70666 
70667 
70668 
70669 
70670 
70671 
70672 
70673 
70674 
70675 
70676 
70677 
70678 
70679 
70680 
70681 
21529 
70682 
70683 
70684 
70685 
21533 
70686 
70687 
70688 
70689 
70690 
70691 
70692 
70693 
70694 
70695 
70696 
70697 
70698 
70699 
70700 
70701 
70702 
70703 
70704 
70705 
70706 
70707 
70708 
70709 
70710 
70711 
70712 
70713 
70714 
70715 
70716 
70717 
70718 
70719 
70720 
70721 
70722 
70723 
70724 
70725 
70726 
70727 
70728 
70729 
70730 
70731 
70732 
21580 
70733 
70734 
70735 
70736 
21584 
70737 
70738 
70739 
70740 
70741 
70742 
70743 
70744 
70745 
70746 
21594 
70747 
70748 
21596 
70749 
70750 
21598 
70751 
70752 
70753 
70754 
70755 
70756 
70757 
70758 
70759 
70760 
70761 
70762 
70763 
70764 
70765 
70766 
70767 
70768 
70769 
21617 
70770 
70771 
70772 
70773 
21621 
70774 
70775 
70776 
70777 
70778 
70779 
70780 
70781 
70782 
70783 
21631 
70784 
70785 
21633 
70786 
70787 
21635 
70788 
70789 
70790 
70791 
70792 
70793 
70794 
70795 
70796 
70797 
70798 
70799 
70800 
70801 
70802 
70803 
70804 
70805 
70806 
70807 
70808 
70809 
70810 
70811 
70812 
70813 
70814 
70815 
70816 
70817 
70818 
70819 
70820 
70821 
70822 
70823 
70824 
70825 
70826 
70827 
70828 
70829 
70830 
70831 
70832 
70833 
70834 
70835 
70836 
70837 
70838 
70839 
70840 
70841 
70842 
70843 
70844 
70845 
70846 
70847 
70848 
70849 
70850 
70851 
70852 
70853 
70854 
70855 
70856 
70857 
70858 
70859 
70860 
70861 
70862 
70863 
70864 
70865 
70866 
70867 
70868 
70869 
70870 
70871 
70872 
70873 
70874 
70875 
70876 
70877 
70878 
70879 
70880 
70881 
70882 
70883 
70884 
70885 
70886 
70887 
70888 
70889 
70890 
70891 
70892 
70893 
70894 
70895 
70896 
70897 
70898 
70899 
70900 
70901 
70902 
70903 
70904 
70905 
70906 
70907 
70908 
70909 
70910 
70911 
70912 
70913 
70914 
70915 
70916 
70917 
70918 
70919 
70920 
70921 
70922 
70923 
70924 
70925 
70926 
70927 
70928 
70929 
70930 
70931 
70932 
70933 
70934 
70935 
70936 
70937 
70938 
70939 
38171 
70940 
38172 
70941 
38173 
70942 
38174 
70943 
38175 
70944 
38176 
70945 
38177 
70946 
70947 
70948 
70949 
70950 
70951 
70952 
70953 
70954 
70955 
70956 
70957 
70958 
70959 
70960 
38192 
70961 
38193 
70962 
38194 
70963 
38195 
70964 
38196 
70965 
38197 
70966 
38198 
70967 
70968 
70969 
70970 
70971 
70972 
70973 
70974 
38206 
70975 
38207 
70976 
38208 
70977 
38209 
70978 
38210 
70979 
38211 
70980 
38212 
70981 
70982 
70983 
70984 
70985 
70986 
70987 
70988 
70989 
70990 
70991 
70992 
70993 
70994 
70995 
38227 
70996 
38228 
70997 
38229 
70998 
38230 
70999 
38231 
71000 
38232 
71001 
38233 
71002 
71003 
71004 
71005 
71006 
71007 
71008 
71009 
38241 
71010 
38242 
71011 
38243 
71012 
38244 
71013 
38245 
71014 
38246 
71015 
38247 
71016 
71017 
71018 
71019 
71020 
71021 
71022 
71023 
71024 
71025 
71026 
71027 
71028 
71029 
71030 
71031 
71032 
71033 
71034 
71035 
71036 
71037 
71038 
71039 
71040 
71041 
71042 
71043 
71044 
71045 
71046 
71047 
71048 
71049 
71050 
71051 
71052 
71053 
71054 
71055 
71056 
71057 
71058 
71059 
71060 
71061 
71062 
71063 
71064 
71065 
71066 
71067 
71068 
71069 
71070 
71071 
71072 
71073 
71074 
71075 
71076 
71077 
71078 
71079 
71080 
71081 
71082 
71083 
71084 
71085 
71086 
71087 
71088 
71089 
71090 
71091 
71092 
71093 
38325 
71094 
38326 
71095 
38327 
71096 
38328 
71097 
38329 
71098 
38330 
71099 
38331 
71100 
71101 
71102 
71103 
71104 
71105 
71106 
71107 
71108 
71109 
71110 
71111 
71112 
71113 
71114 
38346 
71115 
38347 
71116 
38348 
71117 
38349 
71118 
38350 
71119 
38351 
71120 
38352 
71121 
71122 
71123 
71124 
71125 
71126 
71127 
71128 
38360 
71129 
38361 
71130 
38362 
71131 
38363 
71132 
38364 
71133 
38365 
71134 
38366 
71135 
71136 
71137 
71138 
71139 
71140 
71141 
71142 
71143 
71144 
71145 
71146 
71147 
71148 
71149 
71150 
71151 
71152 
71153 
71154 
71155 
71156 
71157 
71158 
71159 
71160 
71161 
71162 
71163 
71164 
71165 
71166 
71167 
71168 
71169 
71170 
71171 
71172 
71173 
71174 
71175 
71176 
71177 
71178 
71179 
71180 
71181 
71182 
71183 
71184 
71185 
71186 
71187 
71188 
71189 
71190 
71191 
71192 
71193 
71194 
71195 
71196 
71197 
71198 
71199 
71200 
71201 
71202 
71203 
71204 
71205 
71206 
71207 
71208 
71209 
71210 
71211 
71212 
71213 
71214 
71215 
71216 
71217 
71218 
71219 
71220 
71221 
71222 
71223 
71224 
71225 
71226 
71227 
71228 
71229 
71230 
71231 
71232 
71233 
71234 
71235 
71236 
71237 
71238 
71239 
71240 
71241 
71242 
71243 
71244 
71245 
71246 
71247 
71248 
71249 
71250 
71251 
71252 
71253 
71254 
71255 
71256 
71257 
71258 
71259 
71260 
71261 
71262 
71263 
71264 
71265 
71266 
71267 
71268 
71269 
71270 
71271 
71272 
71273 
71274 
71275 
71276 
71277 
71278 
71279 
71280 
71281 
71282 
71283 
71284 
71285 
71286 
71287 
71288 
71289 
71290 
71291 
71292 
71293 
71294 
71295 
71296 
71297 
71298 
71299 
71300 
71301 
71302 
71303 
71304 
71305 
71306 
71307 
71308 
71309 
71310 
71311 
71312 
71313 
71314 
71315 
71316 
71317 
71318 
71319 
71320 
71321 
71322 
71323 
71324 
71325 
71326 
71327 
71328 
71329 
71330 
71331 
71332 
71333 
71334 
71335 
71336 
71337 
71338 
71339 
71340 
71341 
71342 
71343 
71344 
71345 
71346 
71347 
71348 
71349 
71350 
71351 
71352 
71353 
71354 
71355 
71356 
71357 
71358 
71359 
71360 
71361 
71362 
71363 
71364 
71365 
71366 
71367 
71368 
71369 
71370 
71371 
71372 
71373 
71374 
71375 
71376 
71377 
71378 
71379 
71380 
71381 
71382 
71383 
71384 
71385 
71386 
71387 
71388 
71389 
71390 
71391 
71392 
71393 
71394 
71395 
71396 
71397 
71398 
71399 
71400 
71401 
71402 
71403 
71404 
71405 
71406 
71407 
71408 
71409 
71410 
71411 
71412 
71413 
71414 
71415 
71416 
71417 
71418 
71419 
71420 
71421 
71422 
71423 
71424 
71425 
71426 
71427 
71428 
71429 
71430 
71431 
71432 
71433 
71434 
71435 
71436 
71437 
71438 
71439 
71440 
71441 
71442 
71443 
71444 
71445 
71446 
71447 
71448 
71449 
71450 
71451 
71452 
71453 
71454 
71455 
71456 
71457 
71458 
71459 
71460 
71461 
71462 
71463 
71464 
71465 
71466 
71467 
71468 
71469 
71470 
71471 
71472 
71473 
71474 
71475 
71476 
71477 
71478 
71479 
71480 
71481 
71482 
71483 
71484 
71485 
71486 
71487 
71488 
71489 
71490 
71491 
71492 
71493 
71494 
71495 
71496 
71497 
71498 
71499 
71500 
71501 
71502 
71503 
71504 
71505 
71506 
71507 
71508 
71509 
71510 
71511 
71512 
71513 
71514 
71515 
71516 
71517 
71518 
71519 
71520 
71521 
71522 
71523 
71524 
71525 
71526 
71527 
71528 
71529 
71530 
71531 
71532 
71533 
71534 
71535 
71536 
71537 
71538 
71539 
71540 
71541 
71542 
71543 
71544 
71545 
71546 
71547 
71548 
71549 
71550 
71551 
71552 
71553 
71554 
71555 
71556 
71557 
71558 
71559 
71560 
71561 
71562 
71563 
71564 
71565 
71566 
71567 
71568 
71569 
71570 
71571 
71572 
71573 
71574 
71575 
71576 
71577 
71578 
71579 
71580 
71581 
71582 
71583 
71584 
71585 
71586 
71587 
71588 
71589 
71590 
71591 
71592 
71593 
71594 
71595 
71596 
71597 
71598 
71599 
71600 
71601 
71602 
71603 
71604 
71605 
71606 
71607 
71608 
71609 
71610 
71611 
71612 
71613 
71614 
71615 
71616 
71617 
71618 
71619 
71620 
71621 
71622 
71623 
71624 
71625 
71626 
71627 
71628 
71629 
71630 
71631 
71632 
71633 
71634 
71635 
71636 
71637 
71638 
71639 
71640 
71641 
71642 
71643 
71644 
71645 
71646 
71647 
71648 
71649 
71650 
71651 
71652 
71653 
71654 
71655 
71656 
71657 
71658 
71659 
71660 
71661 
71662 
71663 
71664 
71665 
71666 
71667 
71668 
71669 
71670 
71671 
71672 
71673 
71674 
71675 
71676 
71677 
71678 
71679 
71680 
71681 
72257 
72258 
72259 
72260 
72261 
72262 
72263 
72264 
72265 
72266 
72267 
72268 
72269 
72270 
72271 
72272 
72273 
72274 
72275 
72276 
72277 
72278 
72279 
72280 
72281 
72282 
72283 
72284 
72285 
72286 
6750 
72287 
6751 
72288 
6752 
72289 
6753 
72290 
6754 
72291 
6755 
72292 
6756 
72293 
6757 
72294 
6758 
72295 
6759 
72296 
6760 
72297 
6761 
72298 
6762 
72299 
6763 
72300 
6764 
72301 
6765 
72302 
6766 
72303 
6767 
72304 
6768 
72305 
6769 
72306 
6770 
72307 
6771 
72308 
6772 
72309 
6773 
72310 
72311 
72312 
72313 
72314 
72315 
72316 
72317 
72318 
72319 
72320 
72321 
72322 
72323 
72324 
72325 
72326 
72327 
72328 
72329 
72330 
72331 
72332 
72333 
72334 
72335 
72336 
72337 
72338 
72339 
72340 
6804 
72341 
6805 
72342 
6806 
72343 
6807 
72344 
6808 
72345 
6809 
72346 
6810 
72347 
6811 
72348 
6812 
72349 
6813 
72350 
6814 
72351 
6815 
72352 
6816 
72353 
6817 
72354 
6818 
72355 
6819 
72356 
6820 
72357 
6821 
72358 
6822 
72359 
6823 
72360 
6824 
72361 
6825 
72362 
6826 
72363 
6827 
72364 
72365 
72366 
72367 
72368 
72369 
72370 
72371 
72372 
72373 
72374 
72375 
72376 
72377 
72378 
72379 
72380 
72381 
72382 
72383 
72384 
72385 
72386 
72387 
72388 
72389 
72390 
72391 
72392 
72393 
72394 
6858 
72395 
6859 
72396 
6860 
72397 
6861 
72398 
6862 
72399 
6863 
72400 
6864 
72401 
6865 
72402 
6866 
72403 
6867 
72404 
6868 
72405 
6869 
72406 
6870 
72407 
6871 
72408 
6872 
72409 
6873 
72410 
6874 
72411 
6875 
72412 
6876 
72413 
6877 
72414 
6878 
72415 
6879 
72416 
6880 
72417 
6881 
72418 
72419 
72420 
72421 
72422 
72423 
72424 
72425 
72426 
72427 
72428 
72429 
72430 
72431 
72432 
72433 
72434 
72435 
72436 
72437 
72438 
72439 
72440 
72441 
72442 
72443 
72444 
72445 
72446 
72447 
72448 
6912 
72449 
6913 
72450 
6914 
72451 
6915 
72452 
6916 
72453 
6917 
72454 
6918 
72455 
6919 
72456 
6920 
72457 
6921 
72458 
6922 
72459 
6923 
72460 
6924 
72461 
6925 
72462 
6926 
72463 
6927 
72464 
6928 
72465 
6929 
72466 
6930 
72467 
6931 
72468 
6932 
72469 
6933 
72470 
6934 
72471 
6935 
72472 
72473 
72474 
72475 
72476 
72477 
72478 
72479 
72480 
72481 
72482 
72483 
72484 
72485 
72486 
72487 
72488 
72489 
72490 
72491 
72492 
72493 
72494 
72495 
72496 
72497 
72498 
72499 
72500 
72501 
72502 
6966 
72503 
6967 
72504 
6968 
72505 
6969 
72506 
6970 
72507 
6971 
72508 
6972 
72509 
6973 
72510 
6974 
72511 
6975 
72512 
6976 
72513 
6977 
72514 
6978 
72515 
6979 
72516 
6980 
72517 
6981 
72518 
6982 
72519 
6983 
72520 
6984 
72521 
6985 
72522 
6986 
72523 
6987 
72524 
6988 
72525 
6989 
72526 
72527 
72528 
72529 
72530 
72531 
72532 
72533 
72534 
72535 
72536 
72537 
72538 
72539 
72540 
72541 
72542 
72543 
72544 
72545 
72546 
72547 
72548 
72549 
72550 
72551 
72552 
72553 
72554 
72555 
72556 
7020 
72557 
7021 
72558 
7022 
72559 
7023 
72560 
7024 
72561 
7025 
72562 
7026 
72563 
7027 
72564 
7028 
72565 
7029 
72566 
7030 
72567 
7031 
72568 
7032 
72569 
7033 
72570 
7034 
72571 
7035 
72572 
7036 
72573 
7037 
72574 
7038 
72575 
7039 
72576 
7040 
72577 
7041 
72578 
7042 
72579 
7043 
72580 
72581 
72582 
72583 
72584 
72585 
72586 
72587 
72588 
72589 
72590 
72591 
72592 
72593 
72594 
72595 
72596 
72597 
72598 
72599 
72600 
72601 
72602 
72603 
72604 
72605 
72606 
72607 
72608 
72609 
72610 
7074 
72611 
7075 
72612 
7076 
72613 
7077 
72614 
7078 
72615 
7079 
72616 
7080 
72617 
7081 
72618 
7082 
72619 
7083 
72620 
7084 
72621 
7085 
72622 
7086 
72623 
7087 
72624 
7088 
72625 
7089 
72626 
7090 
72627 
7091 
72628 
7092 
72629 
7093 
72630 
7094 
72631 
7095 
72632 
7096 
72633 
7097 
72634 
72635 
72636 
72637 
72638 
72639 
72640 
72641 
72642 
72643 
72644 
72645 
72646 
72647 
72648 
72649 
72650 
72651 
72652 
72653 
72654 
72655 
72656 
72657 
72658 
72659 
72660 
72661 
72662 
72663 
72664 
7128 
72665 
7129 
72666 
7130 
72667 
7131 
72668 
7132 
72669 
7133 
72670 
7134 
72671 
7135 
72672 
7136 
72673 
7137 
72674 
7138 
72675 
7139 
72676 
7140 
72677 
7141 
72678 
7142 
72679 
7143 
72680 
7144 
72681 
7145 
72682 
7146 
72683 
7147 
72684 
7148 
72685 
7149 
72686 
7150 
72687 
7151 
72688 
72689 
72690 
72691 
72692 
72693 
72694 
72695 
72696 
72697 
72698 
72699 
72700 
72701 
72702 
72703 
72704 
72705 
72706 
72707 
72708 
72709 
72710 
72711 
72712 
72713 
72714 
72715 
72716 
72717 
72718 
7182 
72719 
7183 
72720 
7184 
72721 
7185 
72722 
7186 
72723 
7187 
72724 
7188 
72725 
7189 
72726 
7190 
72727 
7191 
72728 
7192 
72729 
7193 
72730 
7194 
72731 
7195 
72732 
7196 
72733 
7197 
72734 
7198 
72735 
7199 
72736 
7200 
72737 
7201 
72738 
7202 
72739 
7203 
72740 
7204 
72741 
7205 
72742 
72743 
72744 
72745 
72746 
72747 
72748 
72749 
72750 
72751 
72752 
72753 
72754 
72755 
72756 
72757 
72758 
72759 
72760 
72761 
72762 
72763 
72764 
72765 
72766 
72767 
72768 
72769 
72770 
72771 
72772 
7236 
72773 
7237 
72774 
7238 
72775 
7239 
72776 
7240 
72777 
7241 
72778 
7242 
72779 
7243 
72780 
7244 
72781 
7245 
72782 
7246 
72783 
7247 
72784 
7248 
72785 
7249 
72786 
7250 
72787 
7251 
72788 
7252 
72789 
7253 
72790 
7254 
72791 
7255 
72792 
7256 
72793 
7257 
72794 
7258 
72795 
7259 
72796 
72797 
72798 
72799 
72800 
72801 
72802 
72803 
72804 
72805 
72806 
72807 
72808 
72809 
72810 
72811 
72812 
72813 
72814 
72815 
72816 
72817 
72818 
72819 
72820 
72821 
72822 
72823 
72824 
72825 
72826 
7290 
72827 
7291 
72828 
7292 
72829 
7293 
72830 
7294 
72831 
7295 
72832 
7296 
72833 
7297 
72834 
7298 
72835 
7299 
72836 
7300 
72837 
7301 
72838 
7302 
72839 
7303 
72840 
7304 
72841 
7305 
72842 
7306 
72843 
7307 
72844 
7308 
72845 
7309 
72846 
7310 
72847 
7311 
72848 
7312 
72849 
7313 
72850 
7314 
72851 
72852 
72853 
72854 
72855 
72856 
72857 
72858 
72859 
72860 
72861 
72862 
72863 
72864 
72865 
72866 
72867 
72868 
72869 
72870 
72871 
72872 
72873 
72874 
72875 
72876 
72877 
72878 
72879 
72880 
72881 
7345 
72882 
7346 
72883 
7347 
72884 
7348 
72885 
7349 
72886 
7350 
72887 
7351 
72888 
7352 
72889 
7353 
72890 
7354 
72891 
7355 
72892 
7356 
72893 
7357 
72894 
7358 
72895 
7359 
72896 
7360 
72897 
7361 
72898 
7362 
72899 
7363 
72900 
7364 
72901 
7365 
72902 
7366 
72903 
7367 
72904 
7368 
72905 
7369 
72906 
72907 
72908 
72909 
72910 
72911 
72912 
72913 
72914 
72915 
72916 
72917 
72918 
72919 
72920 
72921 
72922 
72923 
72924 
72925 
72926 
72927 
72928 
72929 
72930 
72931 
72932 
72933 
72934 
72935 
72936 
7400 
72937 
7401 
72938 
7402 
72939 
7403 
72940 
7404 
72941 
7405 
72942 
7406 
72943 
7407 
72944 
7408 
72945 
7409 
72946 
7410 
72947 
7411 
72948 
7412 
72949 
7413 
72950 
7414 
72951 
7415 
72952 
7416 
72953 
7417 
72954 
7418 
72955 
7419 
72956 
7420 
72957 
7421 
72958 
7422 
72959 
7423 
72960 
7424 
72961 
72962 
72963 
72964 
72965 
72966 
72967 
72968 
72969 
72970 
72971 
72972 
72973 
72974 
72975 
72976 
72977 
72978 
72979 
72980 
72981 
72982 
72983 
72984 
72985 
72986 
72987 
72988 
72989 
72990 
72991 
7455 
72992 
7456 
72993 
7457 
72994 
7458 
72995 
7459 
72996 
7460 
72997 
7461 
72998 
7462 
72999 
7463 
73000 
7464 
73001 
7465 
73002 
7466 
73003 
7467 
73004 
7468 
73005 
7469 
73006 
7470 
73007 
7471 
73008 
7472 
73009 
7473 
73010 
7474 
73011 
7475 
73012 
7476 
73013 
7477 
73014 
7478 
73015 
7479 
73016 
73017 
73018 
73019 
73020 
73021 
73022 
73023 
73024 
73025 
73026 
73027 
73028 
73029 
73030 
73031 
73032 
73033 
73034 
73035 
73036 
73037 
73038 
73039 
73040 
73041 
73042 
73043 
73044 
73045 
73046 
7510 
73047 
7511 
73048 
7512 
73049 
7513 
73050 
7514 
73051 
7515 
73052 
7516 
73053 
7517 
73054 
7518 
73055 
7519 
73056 
7520 
73057 
7521 
73058 
7522 
73059 
7523 
73060 
7524 
73061 
7525 
73062 
7526 
73063 
7527 
73064 
7528 
73065 
7529 
73066 
7530 
73067 
7531 
73068 
7532 
73069 
7533 
73070 
7534 
73071 
73072 
73073 
73074 
73075 
73076 
73077 
73078 
73079 
73080 
73081 
73082 
73083 
73084 
73085 
73086 
73087 
73088 
73089 
73090 
73091 
73092 
73093 
73094 
73095 
73096 
73097 
73098 
73099 
73100 
73101 
7565 
73102 
7566 
73103 
7567 
73104 
7568 
73105 
7569 
73106 
7570 
73107 
7571 
73108 
7572 
73109 
7573 
73110 
7574 
73111 
7575 
73112 
7576 
73113 
7577 
73114 
7578 
73115 
7579 
73116 
7580 
73117 
7581 
73118 
7582 
73119 
7583 
73120 
7584 
73121 
7585 
73122 
7586 
73123 
7587 
73124 
7588 
73125 
7589 
73126 
73127 
73128 
73129 
73130 
73131 
73132 
73133 
73134 
73135 
73136 
73137 
73138 
73139 
73140 
73141 
73142 
73143 
73144 
73145 
73146 
73147 
73148 
73149 
73150 
73151 
73152 
73153 
73154 
73155 
73156 
7620 
73157 
7621 
73158 
7622 
73159 
7623 
73160 
7624 
73161 
7625 
73162 
7626 
73163 
7627 
73164 
7628 
73165 
7629 
73166 
7630 
73167 
7631 
73168 
7632 
73169 
7633 
73170 
7634 
73171 
7635 
73172 
7636 
73173 
7637 
73174 
7638 
73175 
7639 
73176 
7640 
73177 
7641 
73178 
7642 
73179 
7643 
73180 
73181 
73182 
73183 
73184 
73185 
73186 
73187 
73188 
73189 
73190 
73191 
73192 
73193 
73194 
73195 
73196 
73197 
73198 
73199 
73200 
73201 
73202 
73203 
73204 
73205 
73206 
73207 
73208 
73209 
73210 
7674 
73211 
7675 
73212 
7676 
73213 
7677 
73214 
7678 
73215 
7679 
73216 
7680 
73217 
7681 
73218 
7682 
73219 
7683 
73220 
7684 
73221 
7685 
73222 
7686 
73223 
7687 
73224 
7688 
73225 
7689 
73226 
7690 
73227 
7691 
73228 
7692 
73229 
7693 
73230 
7694 
73231 
7695 
73232 
7696 
73233 
7697 
73234 
73235 
73236 
73237 
73238 
73239 
73240 
73241 
73242 
73243 
73244 
73245 
73246 
73247 
73248 
73249 
73250 
73251 
73252 
73253 
73254 
73255 
73256 
73257 
73258 
73259 
73260 
73261 
73262 
73263 
73264 
7728 
73265 
7729 
73266 
7730 
73267 
7731 
73268 
7732 
73269 
7733 
73270 
7734 
73271 
7735 
73272 
7736 
73273 
7737 
73274 
7738 
73275 
7739 
73276 
7740 
73277 
7741 
73278 
7742 
73279 
7743 
73280 
7744 
73281 
7745 
73282 
7746 
73283 
7747 
73284 
7748 
73285 
7749 
73286 
7750 
73287 
7751 
73288 
73289 
73290 
73291 
73292 
73293 
73294 
73295 
73296 
73297 
73298 
73299 
73300 
73301 
73302 
73303 
73304 
73305 
73306 
73307 
73308 
73309 
73310 
73311 
73312 
73313 
73314 
73315 
73316 
73317 
73318 
7782 
73319 
7783 
73320 
7784 
73321 
7785 
73322 
7786 
73323 
7787 
73324 
7788 
73325 
7789 
73326 
7790 
73327 
7791 
73328 
7792 
73329 
7793 
73330 
7794 
73331 
7795 
73332 
7796 
73333 
7797 
73334 
7798 
73335 
7799 
73336 
7800 
73337 
7801 
73338 
7802 
73339 
7803 
73340 
7804 
73341 
7805 
73342 
73343 
73344 
73345 
73346 
73347 
73348 
73349 
73350 
73351 
73352 
73353 
73354 
73355 
73356 
73357 
73358 
73359 
73360 
73361 
73362 
73363 
73364 
73365 
73366 
73367 
73368 
73369 
73370 
73371 
73372 
7836 
73373 
7837 
73374 
7838 
73375 
7839 
73376 
7840 
73377 
7841 
73378 
7842 
73379 
7843 
73380 
7844 
73381 
7845 
73382 
7846 
73383 
7847 
73384 
7848 
73385 
7849 
73386 
7850 
73387 
7851 
73388 
7852 
73389 
7853 
73390 
7854 
73391 
7855 
73392 
7856 
73393 
7857 
73394 
7858 
73395 
7859 
73396 
73397 
73398 
73399 
73400 
73401 
73402 
73403 
73404 
73405 
73406 
73407 
73408 
73409 
73410 
73411 
73412 
73413 
73414 
73415 
73416 
73417 
73418 
73419 
73420 
73421 
73422 
73423 
73424 
73425 
73426 
7890 
73427 
7891 
73428 
7892 
73429 
7893 
73430 
7894 
73431 
7895 
73432 
7896 
73433 
7897 
73434 
7898 
73435 
7899 
73436 
7900 
73437 
7901 
73438 
7902 
73439 
7903 
73440 
7904 
73441 
7905 
73442 
7906 
73443 
7907 
73444 
7908 
73445 
7909 
73446 
7910 
73447 
7911 
73448 
7912 
73449 
7913 
73450 
73451 
73452 
73453 
73454 
73455 
73456 
73457 
73458 
73459 
73460 
73461 
73462 
73463 
73464 
73465 
73466 
73467 
73468 
73469 
73470 
73471 
73472 
73473 
73474 
73475 
73476 
73477 
73478 
73479 
7944 
73480 
7945 
73481 
7946 
73482 
7947 
73483 
7948 
73484 
7949 
73485 
7950 
73486 
7951 
73487 
7952 
73488 
7953 
73489 
7954 
73490 
7955 
73491 
7956 
73492 
7957 
73493 
7958 
73494 
7959 
73495 
7960 
73496 
7961 
73497 
7962 
73498 
7963 
73499 
7964 
73500 
7965 
73501 
7966 
73502 
7967 
73503 
73504 
73505 
73506 
73507 
73508 
73509 
73510 
73511 
73512 
73513 
73514 
73515 
73516 
73517 
73518 
73519 
73520 
73521 
73522 
73523 
73524 
73525 
73526 
73527 
73528 
73529 
73530 
73531 
73532 
73533 
7998 
73534 
7999 
73535 
8000 
73536 
8001 
73537 
8002 
73538 
8003 
73539 
8004 
73540 
8005 
73541 
8006 
73542 
8007 
73543 
8008 
73544 
8009 
73545 
8010 
73546 
8011 
73547 
8012 
73548 
8013 
73549 
8014 
73550 
8015 
73551 
8016 
73552 
8017 
73553 
8018 
73554 
8019 
73555 
8020 
73556 
8021 
73557 
73558 
73559 
73560 
73561 
73562 
73563 
73564 
73565 
73566 
73567 
73568 
73569 
73570 
73571 
73572 
73573 
73574 
73575 
73576 
73577 
73578 
73579 
73580 
73581 
73582 
73583 
73584 
73585 
73586 
73587 
8052 
73588 
8053 
73589 
8054 
73590 
8055 
73591 
8056 
73592 
8057 
73593 
8058 
73594 
8059 
73595 
8060 
73596 
8061 
73597 
8062 
73598 
8063 
73599 
8064 
73600 
8065 
73601 
8066 
73602 
8067 
73603 
8068 
73604 
8069 
73605 
8070 
73606 
8071 
73607 
8072 
73608 
8073 
73609 
8074 
73610 
8075 
73611 
73612 
73613 
73614 
73615 
73616 
73617 
73618 
73619 
73620 
73621 
73622 
73623 
73624 
73625 
73626 
73627 
73628 
73629 
73630 
73631 
73632 
73633 
73634 
73635 
73636 
73637 
73638 
73639 
73640 
73641 
8106 
73642 
8107 
73643 
8108 
73644 
8109 
73645 
8110 
73646 
8111 
73647 
8112 
73648 
8113 
73649 
8114 
73650 
8115 
73651 
8116 
73652 
8117 
73653 
8118 
73654 
8119 
73655 
8120 
73656 
8121 
73657 
8122 
73658 
8123 
73659 
8124 
73660 
8125 
73661 
8126 
73662 
8127 
73663 
8128 
73664 
8129 
73665 
73666 
73667 
73668 
73669 
73670 
73671 
73672 
73673 
73674 
73675 
73676 
73677 
73678 
73679 
73680 
73681 
73682 
73683 
73684 
73685 
73686 
73687 
73688 
73689 
73690 
73691 
73692 
73693 
73694 
73695 
8160 
73696 
8161 
73697 
8162 
73698 
8163 
73699 
8164 
73700 
8165 
73701 
8166 
73702 
8167 
73703 
8168 
73704 
8169 
73705 
8170 
73706 
8171 
73707 
8172 
73708 
8173 
73709 
8174 
73710 
8175 
73711 
8176 
73712 
8177 
73713 
8178 
73714 
8179 
73715 
8180 
73716 
8181 
73717 
8182 
73718 
8183 
73719 
73720 
73721 
73722 
73723 
73724 
73725 
73726 
73727 
73728 
73729 
73730 
73731 
73732 
73733 
73734 
73735 
73736 
73737 
73738 
73739 
73740 
73741 
73742 
73743 
73744 
73745 
73746 
73747 
73748 
73749 
8214 
73750 
8215 
73751 
8216 
73752 
8217 
73753 
8218 
73754 
8219 
73755 
8220 
73756 
8221 
73757 
8222 
73758 
8223 
73759 
8224 
73760 
8225 
73761 
8226 
73762 
8227 
73763 
8228 
73764 
8229 
73765 
8230 
73766 
8231 
73767 
8232 
73768 
8233 
73769 
8234 
73770 
8235 
73771 
8236 
73772 
8237 
73773 
73774 
73775 
73776 
73777 
73778 
73779 
73780 
73781 
73782 
73783 
73784 
73785 
73786 
73787 
73788 
73789 
73790 
73791 
73792 
73793 
73794 
73795 
73796 
73797 
73798 
73799 
73800 
73801 
73802 
73803 
8268 
73804 
8269 
73805 
8270 
73806 
8271 
73807 
8272 
73808 
8273 
73809 
8274 
73810 
8275 
73811 
8276 
73812 
8277 
73813 
8278 
73814 
8279 
73815 
8280 
73816 
8281 
73817 
8282 
73818 
8283 
73819 
8284 
73820 
8285 
73821 
8286 
73822 
8287 
73823 
8288 
73824 
8289 
73825 
8290 
73826 
8291 
73827 
73828 
73829 
73830 
73831 
73832 
73833 
73834 
73835 
73836 
73837 
73838 
73839 
73840 
73841 
73842 
73843 
73844 
73845 
73846 
73847 
73848 
73849 
73850 
73851 
73852 
73853 
73854 
73855 
73856 
73857 
8322 
73858 
8323 
73859 
8324 
73860 
8325 
73861 
8326 
73862 
8327 
73863 
8328 
73864 
8329 
73865 
8330 
73866 
8331 
73867 
8332 
73868 
8333 
73869 
8334 
73870 
8335 
73871 
8336 
73872 
8337 
73873 
8338 
73874 
8339 
73875 
8340 
73876 
8341 
73877 
8342 
73878 
8343 
73879 
8344 
73880 
8345 
73881 
73882 
73883 
73884 
73885 
73886 
73887 
73888 
73889 
73890 
73891 
73892 
73893 
73894 
73895 
73896 
73897 
73898 
73899 
73900 
73901 
73902 
73903 
73904 
73905 
73906 
73907 
73908 
73909 
73910 
73911 
8376 
73912 
8377 
73913 
8378 
73914 
8379 
73915 
8380 
73916 
8381 
73917 
8382 
73918 
8383 
73919 
8384 
73920 
8385 
73921 
8386 
73922 
8387 
73923 
8388 
73924 
8389 
73925 
8390 
73926 
8391 
73927 
8392 
73928 
8393 
73929 
8394 
73930 
8395 
73931 
8396 
73932 
8397 
73933 
8398 
73934 
8399 
73935 
73936 
73937 
73938 
73939 
73940 
73941 
73942 
73943 
73944 
73945 
73946 
73947 
73948 
73949 
73950 
73951 
73952 
73953 
73954 
73955 
73956 
73957 
73958 
73959 
73960 
73961 
73962 
73963 
73964 
73965 
8430 
73966 
8431 
73967 
8432 
73968 
8433 
73969 
8434 
73970 
8435 
73971 
8436 
73972 
8437 
73973 
8438 
73974 
8439 
73975 
8440 
73976 
8441 
73977 
8442 
73978 
8443 
73979 
8444 
73980 
8445 
73981 
8446 
73982 
8447 
73983 
8448 
73984 
8449 
73985 
8450 
73986 
8451 
73987 
8452 
73988 
8453 
73989 
73990 
73991 
73992 
73993 
73994 
73995 
73996 
73997 
73998 
73999 
74000 
74001 
74002 
74003 
74004 
74005 
74006 
74007 
74008 
74009 
74010 
74011 
74012 
74013 
74014 
74015 
74016 
74017 
74018 
74019 
8484 
74020 
8485 
74021 
8486 
74022 
8487 
74023 
8488 
74024 
8489 
74025 
8490 
74026 
8491 
74027 
8492 
74028 
8493 
74029 
8494 
74030 
8495 
74031 
8496 
74032 
8497 
74033 
8498 
74034 
8499 
74035 
8500 
74036 
8501 
74037 
8502 
74038 
8503 
74039 
8504 
74040 
8505 
74041 
8506 
74042 
8507 
74043 
74044 
74045 
74046 
74047 
74048 
74049 
74050 
74051 
74052 
74053 
74054 
74055 
74056 
74057 
74058 
74059 
74060 
74061 
74062 
74063 
74064 
74065 
74066 
74067 
74068 
74069 
74070 
74071 
74072 
74073 
8538 
74074 
8539 
74075 
8540 
74076 
8541 
74077 
8542 
74078 
8543 
74079 
8544 
74080 
8545 
74081 
8546 
74082 
8547 
74083 
8548 
74084 
8549 
74085 
8550 
74086 
8551 
74087 
8552 
74088 
8553 
74089 
8554 
74090 
8555 
74091 
8556 
74092 
8557 
74093 
8558 
74094 
8559 
74095 
8560 
74096 
8561 
74097 
74098 
74099 
74100 
74101 
74102 
74103 
74104 
74105 
74106 
74107 
74108 
74109 
74110 
74111 
74112 
74113 
74114 
74115 
74116 
74117 
74118 
74119 
74120 
74121 
74122 
74123 
74124 
74125 
74126 
74127 
8592 
74128 
8593 
74129 
8594 
74130 
8595 
74131 
8596 
74132 
8597 
74133 
8598 
74134 
8599 
74135 
8600 
74136 
8601 
74137 
8602 
74138 
8603 
74139 
8604 
74140 
8605 
74141 
8606 
74142 
8607 
74143 
8608 
74144 
8609 
74145 
8610 
74146 
8611 
74147 
8612 
74148 
8613 
74149 
8614 
74150 
8615 
74151 
74152 
74153 
74154 
74155 
74156 
74157 
74158 
74159 
74160 
74161 
74162 
74163 
74164 
74165 
74166 
74167 
74168 
74169 
74170 
74171 
74172 
74173 
74174 
74175 
74176 
74177 
74178 
74179 
74180 
74181 
8646 
74182 
8647 
74183 
8648 
74184 
8649 
74185 
8650 
74186 
8651 
74187 
8652 
74188 
8653 
74189 
8654 
74190 
8655 
74191 
8656 
74192 
8657 
74193 
8658 
74194 
8659 
74195 
8660 
74196 
8661 
74197 
8662 
74198 
8663 
74199 
8664 
74200 
8665 
74201 
8666 
74202 
8667 
74203 
8668 
74204 
8669 
74205 
8670 
74206 
74207 
74208 
74209 
74210 
74211 
74212 
74213 
74214 
74215 
74216 
74217 
74218 
74219 
74220 
74221 
74222 
74223 
74224 
74225 
74226 
74227 
74228 
74229 
74230 
74231 
74232 
74233 
74234 
74235 
74236 
8701 
74237 
8702 
74238 
8703 
74239 
8704 
74240 
8705 
74241 
8706 
74242 
8707 
74243 
8708 
74244 
8709 
74245 
8710 
74246 
8711 
74247 
8712 
74248 
8713 
74249 
8714 
74250 
8715 
74251 
8716 
74252 
8717 
74253 
8718 
74254 
8719 
74255 
8720 
74256 
8721 
74257 
8722 
74258 
8723 
74259 
8724 
74260 
8725 
74261 
74262 
74263 
74264 
74265 
74266 
74267 
74268 
74269 
74270 
74271 
74272 
74273 
74274 
74275 
74276 
74277 
74278 
74279 
74280 
74281 
74282 
74283 
74284 
74285 
74286 
74287 
74288 
74289 
74290 
74291 
8756 
74292 
8757 
74293 
8758 
74294 
8759 
74295 
8760 
74296 
8761 
74297 
8762 
74298 
8763 
74299 
8764 
74300 
8765 
74301 
8766 
74302 
8767 
74303 
8768 
74304 
8769 
74305 
8770 
74306 
8771 
74307 
8772 
74308 
8773 
74309 
8774 
74310 
8775 
74311 
8776 
74312 
8777 
74313 
8778 
74314 
8779 
74315 
8780 
74316 
74317 
74318 
74319 
74320 
74321 
74322 
74323 
74324 
74325 
74326 
74327 
74328 
74329 
74330 
74331 
74332 
74333 
74334 
74335 
74336 
74337 
74338 
74339 
74340 
74341 
74342 
74343 
74344 
74345 
74346 
8811 
74347 
8812 
74348 
8813 
74349 
8814 
74350 
8815 
74351 
8816 
74352 
8817 
74353 
8818 
74354 
8819 
74355 
8820 
74356 
8821 
74357 
8822 
74358 
8823 
74359 
8824 
74360 
8825 
74361 
8826 
74362 
8827 
74363 
8828 
74364 
8829 
74365 
8830 
74366 
8831 
74367 
8832 
74368 
8833 
74369 
8834 
74370 
8835 
74371 
74372 
74373 
74374 
74375 
74376 
74377 
74378 
74379 
74380 
74381 
74382 
74383 
74384 
74385 
74386 
74387 
74388 
74389 
74390 
74391 
74392 
74393 
74394 
74395 
74396 
74397 
74398 
74399 
74400 
74401 
8866 
74402 
8867 
74403 
8868 
74404 
8869 
74405 
8870 
74406 
8871 
74407 
8872 
74408 
8873 
74409 
8874 
74410 
8875 
74411 
8876 
74412 
8877 
74413 
8878 
74414 
8879 
74415 
8880 
74416 
8881 
74417 
8882 
74418 
8883 
74419 
8884 
74420 
8885 
74421 
8886 
74422 
8887 
74423 
8888 
74424 
8889 
74425 
8890 
74426 
74427 
74428 
74429 
74430 
74431 
74432 
74433 
74434 
74435 
74436 
74437 
74438 
74439 
74440 
74441 
74442 
74443 
74444 
74445 
74446 
74447 
74448 
74449 
74450 
74451 
74452 
74453 
74454 
74455 
74456 
8921 
74457 
8922 
74458 
8923 
74459 
8924 
74460 
8925 
74461 
8926 
74462 
8927 
74463 
8928 
74464 
8929 
74465 
8930 
74466 
8931 
74467 
8932 
74468 
8933 
74469 
8934 
74470 
8935 
74471 
8936 
74472 
8937 
74473 
8938 
74474 
8939 
74475 
8940 
74476 
8941 
74477 
8942 
74478 
8943 
74479 
8944 
74480 
8945 
74481 
74482 
74483 
74484 
74485 
74486 
74487 
74488 
74489 
74490 
74491 
74492 
74493 
74494 
74495 
74496 
74497 
74498 
74499 
74500 
74501 
74502 
74503 
74504 
74505 
74506 
74507 
74508 
74509 
74510 
74511 
8976 
74512 
8977 
74513 
8978 
74514 
8979 
74515 
8980 
74516 
8981 
74517 
8982 
74518 
8983 
74519 
8984 
74520 
8985 
74521 
8986 
74522 
8987 
74523 
8988 
74524 
8989 
74525 
8990 
74526 
8991 
74527 
8992 
74528 
8993 
74529 
8994 
74530 
8995 
74531 
8996 
74532 
8997 
74533 
8998 
74534 
8999 
74535 
74536 
74537 
74538 
74539 
74540 
74541 
74542 
74543 
74544 
74545 
74546 
74547 
74548 
74549 
74550 
74551 
74552 
74553 
74554 
74555 
74556 
74557 
74558 
74559 
74560 
74561 
74562 
74563 
74564 
74565 
9030 
74566 
9031 
74567 
9032 
74568 
9033 
74569 
9034 
74570 
9035 
74571 
9036 
74572 
9037 
74573 
9038 
74574 
9039 
74575 
9040 
74576 
9041 
74577 
9042 
74578 
9043 
74579 
9044 
74580 
9045 
74581 
9046 
74582 
9047 
74583 
9048 
74584 
9049 
74585 
9050 
74586 
9051 
74587 
9052 
74588 
9053 
74589 
74590 
74591 
74592 
74593 
74594 
74595 
74596 
74597 
74598 
74599 
74600 
74601 
74602 
74603 
74604 
74605 
74606 
74607 
74608 
74609 
74610 
74611 
74612 
74613 
74614 
74615 
74616 
74617 
74618 
74619 
9084 
74620 
9085 
74621 
9086 
74622 
9087 
74623 
9088 
74624 
9089 
74625 
9090 
74626 
9091 
74627 
9092 
74628 
9093 
74629 
9094 
74630 
9095 
74631 
9096 
74632 
9097 
74633 
9098 
74634 
9099 
74635 
9100 
74636 
9101 
74637 
9102 
74638 
9103 
74639 
9104 
74640 
9105 
74641 
9106 
74642 
9107 
74643 
74644 
74645 
74646 
74647 
74648 
74649 
74650 
74651 
74652 
74653 
74654 
74655 
74656 
74657 
74658 
74659 
74660 
74661 
74662 
74663 
74664 
74665 
74666 
74667 
74668 
74669 
74670 
74671 
74672 
74673 
9138 
74674 
9139 
74675 
9140 
74676 
9141 
74677 
9142 
74678 
9143 
74679 
9144 
74680 
9145 
74681 
9146 
74682 
9147 
74683 
9148 
74684 
9149 
74685 
9150 
74686 
9151 
74687 
9152 
74688 
9153 
74689 
9154 
74690 
9155 
74691 
9156 
74692 
9157 
74693 
9158 
74694 
9159 
74695 
9160 
74696 
9161 
74697 
74698 
74699 
74700 
74701 
74702 
74703 
74704 
74705 
74706 
74707 
74708 
74709 
74710 
74711 
74712 
74713 
74714 
74715 
74716 
74717 
74718 
74719 
74720 
74721 
74722 
74723 
74724 
74725 
74726 
74727 
9192 
74728 
9193 
74729 
9194 
74730 
9195 
74731 
9196 
74732 
9197 
74733 
9198 
74734 
9199 
74735 
9200 
74736 
9201 
74737 
9202 
74738 
9203 
74739 
9204 
74740 
9205 
74741 
9206 
74742 
9207 
74743 
9208 
74744 
9209 
74745 
9210 
74746 
9211 
74747 
9212 
74748 
9213 
74749 
9214 
74750 
9215 
74751 
74752 
74753 
74754 
74755 
74756 
74757 
74758 
74759 
74760 
74761 
74762 
74763 
74764 
74765 
74766 
74767 
74768 
74769 
74770 
74771 
74772 
74773 
74774 
74775 
74776 
74777 
74778 
74779 
74780 
74781 
9246 
74782 
9247 
74783 
9248 
74784 
9249 
74785 
9250 
74786 
9251 
74787 
9252 
74788 
9253 
74789 
9254 
74790 
9255 
74791 
9256 
74792 
9257 
74793 
9258 
74794 
9259 
74795 
9260 
74796 
9261 
74797 
9262 
74798 
9263 
74799 
9264 
74800 
9265 
74801 
9266 
74802 
9267 
74803 
9268 
74804 
9269 
74805 
74806 
74807 
74808 
74809 
74810 
74811 
74812 
74813 
74814 
74815 
74816 
74817 
74818 
74819 
74820 
74821 
74822 
74823 
74824 
74825 
74826 
74827 
74828 
74829 
74830 
74831 
74832 
74833 
74834 
74835 
9300 
74836 
9301 
74837 
9302 
74838 
9303 
74839 
9304 
74840 
9305 
74841 
9306 
74842 
9307 
74843 
9308 
74844 
9309 
74845 
9310 
74846 
9311 
74847 
9312 
74848 
9313 
74849 
9314 
74850 
9315 
74851 
9316 
74852 
9317 
74853 
9318 
74854 
9319 
74855 
9320 
74856 
9321 
74857 
9322 
74858 
9323 
74859 
74860 
74861 
74862 
74863 
74864 
74865 
74866 
74867 
74868 
74869 
74870 
74871 
74872 
74873 
74874 
74875 
74876 
74877 
74878 
74879 
74880 
74881 
74882 
74883 
74884 
74885 
74886 
74887 
74888 
74889 
9354 
74890 
9355 
74891 
9356 
74892 
9357 
74893 
9358 
74894 
9359 
74895 
9360 
74896 
9361 
74897 
9362 
74898 
9363 
74899 
9364 
74900 
9365 
74901 
9366 
74902 
9367 
74903 
9368 
74904 
9369 
74905 
9370 
74906 
9371 
74907 
9372 
74908 
9373 
74909 
9374 
74910 
9375 
74911 
9376 
74912 
9377 
74913 
74914 
74915 
74916 
74917 
74918 
74919 
74920 
74921 
74922 
74923 
74924 
74925 
74926 
74927 
74928 
74929 
74930 
74931 
74932 
74933 
74934 
74935 
74936 
74937 
74938 
74939 
74940 
74941 
74942 
74943 
9408 
74944 
9409 
74945 
9410 
74946 
9411 
74947 
9412 
74948 
9413 
74949 
9414 
74950 
9415 
74951 
9416 
74952 
9417 
74953 
9418 
74954 
9419 
74955 
9420 
74956 
9421 
74957 
9422 
74958 
9423 
74959 
9424 
74960 
9425 
74961 
9426 
74962 
9427 
74963 
9428 
74964 
9429 
74965 
9430 
74966 
9431 
74967 
74968 
74969 
74970 
74971 
74972 
74973 
74974 
74975 
74976 
74977 
74978 
74979 
74980 
74981 
74982 
74983 
74984 
74985 
74986 
74987 
74988 
74989 
74990 
74991 
74992 
74993 
74994 
74995 
74996 
74997 
9462 
74998 
9463 
74999 
9464 
75000 
9465 
75001 
9466 
75002 
9467 
75003 
9468 
75004 
9469 
75005 
9470 
75006 
9471 
75007 
9472 
75008 
9473 
75009 
9474 
75010 
9475 
75011 
9476 
75012 
9477 
75013 
9478 
75014 
9479 
75015 
9480 
75016 
9481 
75017 
9482 
75018 
9483 
75019 
9484 
75020 
9485 
75021 
75022 
75023 
75024 
75025 
75026 
75027 
75028 
75029 
75030 
75031 
75032 
75033 
75034 
75035 
75036 
75037 
75038 
75039 
75040 
75041 
75042 
75043 
75044 
75045 
75046 
75047 
75048 
75049 
75050 
75051 
9516 
75052 
9517 
75053 
9518 
75054 
9519 
75055 
9520 
75056 
9521 
75057 
9522 
75058 
9523 
75059 
9524 
75060 
9525 
75061 
9526 
75062 
9527 
75063 
9528 
75064 
9529 
75065 
9530 
75066 
9531 
75067 
9532 
75068 
9533 
75069 
9534 
75070 
9535 
75071 
9536 
75072 
9537 
75073 
9538 
75074 
9539 
75075 
75076 
75077 
75078 
75079 
75080 
75081 
75082 
75083 
75084 
75085 
75086 
75087 
75088 
75089 
75090 
75091 
75092 
75093 
75094 
75095 
75096 
75097 
75098 
75099 
75100 
75101 
75102 
75103 
75104 
75105 
9570 
75106 
9571 
75107 
9572 
75108 
9573 
75109 
9574 
75110 
9575 
75111 
9576 
75112 
9577 
75113 
9578 
75114 
9579 
75115 
9580 
75116 
9581 
75117 
9582 
75118 
9583 
75119 
9584 
75120 
9585 
75121 
9586 
75122 
9587 
75123 
9588 
75124 
9589 
75125 
9590 
75126 
9591 
75127 
9592 
75128 
9593 
75129 
75130 
75131 
75132 
75133 
75134 
75135 
75136 
75137 
75138 
75139 
75140 
75141 
75142 
75143 
75144 
75145 
75146 
75147 
75148 
75149 
75150 
75151 
75152 
75153 
75154 
75155 
75156 
75157 
75158 
75159 
9624 
75160 
9625 
75161 
9626 
75162 
9627 
75163 
9628 
75164 
9629 
75165 
9630 
75166 
9631 
75167 
9632 
75168 
9633 
75169 
9634 
75170 
9635 
75171 
9636 
75172 
9637 
75173 
9638 
75174 
9639 
75175 
9640 
75176 
9641 
75177 
9642 
75178 
9643 
75179 
9644 
75180 
9645 
75181 
9646 
75182 
9647 
75183 
75184 
75185 
75186 
75187 
75188 
75189 
75190 
75191 
75192 
75193 
75194 
75195 
75196 
75197 
75198 
75199 
75200 
75201 
75202 
75203 
75204 
75205 
75206 
75207 
75208 
75209 
75210 
75211 
75212 
75213 
9678 
75214 
9679 
75215 
9680 
75216 
9681 
75217 
9682 
75218 
9683 
75219 
9684 
75220 
9685 
75221 
9686 
75222 
9687 
75223 
9688 
75224 
9689 
75225 
9690 
75226 
9691 
75227 
9692 
75228 
9693 
75229 
9694 
75230 
9695 
75231 
9696 
75232 
9697 
75233 
9698 
75234 
9699 
75235 
9700 
75236 
9701 
75237 
75238 
75239 
75240 
75241 
75242 
75243 
75244 
75245 
75246 
75247 
75248 
75249 
75250 
75251 
75252 
75253 
75254 
75255 
75256 
75257 
75258 
75259 
75260 
75261 
75262 
75263 
75264 
75265 
75266 
75267 
9732 
75268 
9733 
75269 
9734 
75270 
9735 
75271 
9736 
75272 
9737 
75273 
9738 
75274 
9739 
75275 
9740 
75276 
9741 
75277 
9742 
75278 
9743 
75279 
9744 
75280 
9745 
75281 
9746 
75282 
9747 
75283 
9748 
75284 
9749 
75285 
9750 
75286 
9751 
75287 
9752 
75288 
9753 
75289 
9754 
75290 
9755 
75291 
75292 
75293 
75294 
75295 
75296 
75297 
75298 
75299 
75300 
75301 
75302 
75303 
75304 
75305 
75306 
75307 
75308 
75309 
75310 
75311 
75312 
75313 
75314 
75315 
75316 
75317 
75318 
75319 
75320 
75321 
9786 
75322 
9787 
75323 
9788 
75324 
9789 
75325 
9790 
75326 
9791 
75327 
9792 
75328 
9793 
75329 
9794 
75330 
9795 
75331 
9796 
75332 
9797 
75333 
9798 
75334 
9799 
75335 
9800 
75336 
9801 
75337 
9802 
75338 
9803 
75339 
9804 
75340 
9805 
75341 
9806 
75342 
9807 
75343 
9808 
75344 
9809 
75345 
75346 
75347 
75348 
75349 
75350 
75351 
75352 
75353 
75354 
75355 
75356 
75357 
75358 
75359 
75360 
75361 
75362 
75363 
75364 
75365 
75366 
75367 
75368 
75369 
75370 
75371 
75372 
75373 
75374 
75375 
9840 
75376 
9841 
75377 
9842 
75378 
9843 
75379 
9844 
75380 
9845 
75381 
9846 
75382 
9847 
75383 
9848 
75384 
9849 
75385 
9850 
75386 
9851 
75387 
9852 
75388 
9853 
75389 
9854 
75390 
9855 
75391 
9856 
75392 
9857 
75393 
9858 
75394 
9859 
75395 
9860 
75396 
9861 
75397 
9862 
75398 
9863 
75399 
75400 
75401 
75402 
75403 
75404 
75405 
75406 
75407 
75408 
75409 
75410 
75411 
75412 
75413 
75414 
75415 
75416 
75417 
75418 
75419 
75420 
75421 
75422 
75423 
75424 
75425 
75426 
75427 
75428 
75429 
9894 
75430 
9895 
75431 
9896 
75432 
9897 
75433 
9898 
75434 
9899 
75435 
9900 
75436 
9901 
75437 
9902 
75438 
9903 
75439 
9904 
75440 
9905 
75441 
9906 
75442 
9907 
75443 
9908 
75444 
9909 
75445 
9910 
75446 
9911 
75447 
9912 
75448 
9913 
75449 
9914 
75450 
9915 
75451 
9916 
75452 
9917 
75453 
75454 
75455 
75456 
75457 
75458 
75459 
75460 
75461 
75462 
75463 
75464 
75465 
75466 
75467 
75468 
75469 
75470 
75471 
75472 
75473 
75474 
75475 
75476 
75477 
75478 
75479 
75480 
75481 
75482 
75483 
9948 
75484 
9949 
75485 
9950 
75486 
9951 
75487 
9952 
75488 
9953 
75489 
9954 
75490 
9955 
75491 
9956 
75492 
9957 
75493 
9958 
75494 
9959 
75495 
9960 
75496 
9961 
75497 
9962 
75498 
9963 
75499 
9964 
75500 
9965 
75501 
9966 
75502 
9967 
75503 
9968 
75504 
9969 
75505 
9970 
75506 
9971 
75507 
75508 
75509 
75510 
75511 
75512 
75513 
75514 
75515 
75516 
75517 
75518 
75519 
75520 
75521 
75522 
75523 
75524 
75525 
75526 
75527 
75528 
75529 
75530 
75531 
75532 
75533 
75534 
75535 
75536 
75537 
75538 
10002 
75539 
10003 
75540 
10004 
75541 
10005 
75542 
10006 
75543 
10007 
75544 
10008 
75545 
10009 
75546 
10010 
75547 
10011 
75548 
10012 
75549 
10013 
75550 
10014 
75551 
10015 
75552 
10016 
75553 
10017 
75554 
10018 
75555 
10019 
75556 
10020 
75557 
10021 
75558 
10022 
75559 
10023 
75560 
10024 
75561 
10025 
75562 
10026 
75563 
75564 
75565 
75566 
75567 
75568 
75569 
75570 
75571 
75572 
75573 
75574 
75575 
75576 
75577 
75578 
75579 
75580 
75581 
75582 
75583 
75584 
75585 
75586 
75587 
75588 
75589 
75590 
75591 
75592 
75593 
10057 
75594 
10058 
75595 
10059 
75596 
10060 
75597 
10061 
75598 
10062 
75599 
10063 
75600 
10064 
75601 
10065 
75602 
10066 
75603 
10067 
75604 
10068 
75605 
10069 
75606 
10070 
75607 
10071 
75608 
10072 
75609 
10073 
75610 
10074 
75611 
10075 
75612 
10076 
75613 
10077 
75614 
10078 
75615 
10079 
75616 
10080 
75617 
10081 
75618 
75619 
75620 
75621 
75622 
75623 
75624 
75625 
75626 
75627 
75628 
75629 
75630 
75631 
75632 
75633 
75634 
75635 
75636 
75637 
75638 
75639 
75640 
75641 
75642 
75643 
75644 
75645 
75646 
75647 
75648 
10112 
75649 
10113 
75650 
10114 
75651 
10115 
75652 
10116 
75653 
10117 
75654 
10118 
75655 
10119 
75656 
10120 
75657 
10121 
75658 
10122 
75659 
10123 
75660 
10124 
75661 
10125 
75662 
10126 
75663 
10127 
75664 
10128 
75665 
10129 
75666 
10130 
75667 
10131 
75668 
10132 
75669 
10133 
75670 
10134 
75671 
10135 
75672 
10136 
75673 
75674 
75675 
75676 
75677 
75678 
75679 
75680 
75681 
75682 
75683 
75684 
75685 
75686 
75687 
75688 
75689 
75690 
75691 
75692 
75693 
75694 
75695 
75696 
75697 
75698 
75699 
75700 
75701 
75702 
75703 
10167 
75704 
10168 
75705 
10169 
75706 
10170 
75707 
10171 
75708 
10172 
75709 
10173 
75710 
10174 
75711 
10175 
75712 
10176 
75713 
10177 
75714 
10178 
75715 
10179 
75716 
10180 
75717 
10181 
75718 
10182 
75719 
10183 
75720 
10184 
75721 
10185 
75722 
10186 
75723 
10187 
75724 
10188 
75725 
10189 
75726 
10190 
75727 
10191 
75728 
75729 
75730 
75731 
75732 
75733 
75734 
75735 
75736 
75737 
75738 
75739 
75740 
75741 
75742 
75743 
75744 
75745 
75746 
75747 
75748 
75749 
75750 
75751 
75752 
75753 
75754 
75755 
75756 
75757 
75758 
10222 
75759 
10223 
75760 
10224 
75761 
10225 
75762 
10226 
75763 
10227 
75764 
10228 
75765 
10229 
75766 
10230 
75767 
10231 
75768 
10232 
75769 
10233 
75770 
10234 
75771 
10235 
75772 
10236 
75773 
10237 
75774 
10238 
75775 
10239 
75776 
10240 
75777 
10241 
75778 
10242 
75779 
10243 
75780 
10244 
75781 
10245 
75782 
10246 
75783 
75784 
75785 
75786 
75787 
75788 
75789 
75790 
75791 
75792 
75793 
75794 
75795 
75796 
75797 
75798 
75799 
75800 
75801 
75802 
75803 
75804 
75805 
75806 
75807 
75808 
75809 
75810 
75811 
75812 
75813 
10277 
75814 
10278 
75815 
10279 
75816 
10280 
75817 
10281 
75818 
10282 
75819 
10283 
75820 
10284 
75821 
10285 
75822 
10286 
75823 
10287 
75824 
10288 
75825 
10289 
75826 
10290 
75827 
10291 
75828 
10292 
75829 
10293 
75830 
10294 
75831 
10295 
75832 
10296 
75833 
10297 
75834 
10298 
75835 
10299 
75836 
10300 
75837 
10301 
75838 
75839 
75840 
75841 
75842 
75843 
75844 
75845 
75846 
75847 
75848 
75849 
75850 
75851 
75852 
75853 
75854 
75855 
75856 
75857 
75858 
75859 
75860 
75861 
75862 
75863 
75864 
75865 
75866 
75867 
75868 
10332 
75869 
10333 
75870 
10334 
75871 
10335 
75872 
10336 
75873 
10337 
75874 
10338 
75875 
10339 
75876 
10340 
75877 
10341 
75878 
10342 
75879 
10343 
75880 
10344 
75881 
10345 
75882 
10346 
75883 
10347 
75884 
10348 
75885 
10349 
75886 
10350 
75887 
10351 
75888 
10352 
75889 
10353 
75890 
10354 
75891 
10355 
75892 
75893 
75894 
75895 
75896 
75897 
75898 
75899 
75900 
75901 
75902 
75903 
75904 
75905 
75906 
75907 
75908 
75909 
75910 
75911 
75912 
75913 
75914 
75915 
75916 
75917 
75918 
75919 
75920 
75921 
75922 
10386 
75923 
10387 
75924 
10388 
75925 
10389 
75926 
10390 
75927 
10391 
75928 
10392 
75929 
10393 
75930 
10394 
75931 
10395 
75932 
10396 
75933 
10397 
75934 
10398 
75935 
10399 
75936 
10400 
75937 
10401 
75938 
10402 
75939 
10403 
75940 
10404 
75941 
10405 
75942 
10406 
75943 
10407 
75944 
10408 
75945 
10409 
75946 
75947 
75948 
75949 
75950 
75951 
75952 
75953 
75954 
75955 
75956 
75957 
75958 
75959 
75960 
75961 
75962 
75963 
75964 
75965 
75966 
75967 
75968 
75969 
75970 
75971 
75972 
75973 
75974 
75975 
75976 
10440 
75977 
10441 
75978 
10442 
75979 
10443 
75980 
10444 
75981 
10445 
75982 
10446 
75983 
10447 
75984 
10448 
75985 
10449 
75986 
10450 
75987 
10451 
75988 
10452 
75989 
10453 
75990 
10454 
75991 
10455 
75992 
10456 
75993 
10457 
75994 
10458 
75995 
10459 
75996 
10460 
75997 
10461 
75998 
10462 
75999 
10463 
76000 
76001 
76002 
76003 
76004 
76005 
76006 
76007 
76008 
76009 
76010 
76011 
76012 
76013 
76014 
76015 
76016 
76017 
76018 
76019 
76020 
76021 
76022 
76023 
76024 
76025 
76026 
76027 
76028 
76029 
76030 
10494 
76031 
10495 
76032 
10496 
76033 
10497 
76034 
10498 
76035 
10499 
76036 
10500 
76037 
10501 
76038 
10502 
76039 
10503 
76040 
10504 
76041 
10505 
76042 
10506 
76043 
10507 
76044 
10508 
76045 
10509 
76046 
10510 
76047 
10511 
76048 
10512 
76049 
10513 
76050 
10514 
76051 
10515 
76052 
10516 
76053 
10517 
76054 
76055 
76056 
76057 
76058 
76059 
76060 
76061 
76062 
76063 
76064 
76065 
76066 
76067 
76068 
76069 
76070 
76071 
76072 
76073 
76074 
76075 
76076 
76077 
76078 
76079 
76080 
76081 
76082 
76083 
76084 
10548 
76085 
10549 
76086 
10550 
76087 
10551 
76088 
10552 
76089 
10553 
76090 
10554 
76091 
10555 
76092 
10556 
76093 
10557 
76094 
10558 
76095 
10559 
76096 
10560 
76097 
10561 
76098 
10562 
76099 
10563 
76100 
10564 
76101 
10565 
76102 
10566 
76103 
10567 
76104 
10568 
76105 
10569 
76106 
10570 
76107 
10571 
76108 
76109 
76110 
76111 
76112 
76113 
76114 
76115 
76116 
76117 
76118 
76119 
76120 
76121 
76122 
76123 
76124 
76125 
76126 
76127 
76128 
76129 
76130 
76131 
76132 
76133 
76134 
76135 
76136 
76137 
76138 
10602 
76139 
10603 
76140 
10604 
76141 
10605 
76142 
10606 
76143 
10607 
76144 
10608 
76145 
10609 
76146 
10610 
76147 
10611 
76148 
10612 
76149 
10613 
76150 
10614 
76151 
10615 
76152 
10616 
76153 
10617 
76154 
10618 
76155 
10619 
76156 
10620 
76157 
10621 
76158 
10622 
76159 
10623 
76160 
10624 
76161 
10625 
76162 
76163 
76164 
76165 
76166 
76167 
76168 
76169 
76170 
76171 
76172 
76173 
76174 
76175 
76176 
76177 
76178 
76179 
76180 
76181 
76182 
76183 
76184 
76185 
76186 
76187 
76188 
76189 
76190 
76191 
76192 
10656 
76193 
10657 
76194 
10658 
76195 
10659 
76196 
10660 
76197 
10661 
76198 
10662 
76199 
10663 
76200 
10664 
76201 
10665 
76202 
10666 
76203 
10667 
76204 
10668 
76205 
10669 
76206 
10670 
76207 
10671 
76208 
10672 
76209 
10673 
76210 
10674 
76211 
10675 
76212 
10676 
76213 
10677 
76214 
10678 
76215 
10679 
76216 
76217 
76218 
76219 
76220 
76221 
76222 
76223 
76224 
76225 
76226 
76227 
76228 
76229 
76230 
76231 
76232 
76233 
76234 
76235 
76236 
76237 
76238 
76239 
76240 
76241 
76242 
76243 
76244 
76245 
76246 
10710 
76247 
10711 
76248 
10712 
76249 
10713 
76250 
10714 
76251 
10715 
76252 
10716 
76253 
10717 
76254 
10718 
76255 
10719 
76256 
10720 
76257 
10721 
76258 
10722 
76259 
10723 
76260 
10724 
76261 
10725 
76262 
10726 
76263 
10727 
76264 
10728 
76265 
10729 
76266 
10730 
76267 
10731 
76268 
10732 
76269 
10733 
76270 
76271 
76272 
76273 
76274 
76275 
76276 
76277 
76278 
76279 
76280 
76281 
76282 
76283 
76284 
76285 
76286 
76287 
76288 
76289 
76290 
76291 
76292 
76293 
76294 
76295 
76296 
76297 
76298 
76299 
76300 
10764 
76301 
10765 
76302 
10766 
76303 
10767 
76304 
10768 
76305 
10769 
76306 
10770 
76307 
10771 
76308 
10772 
76309 
10773 
76310 
10774 
76311 
10775 
76312 
10776 
76313 
10777 
76314 
10778 
76315 
10779 
76316 
10780 
76317 
10781 
76318 
10782 
76319 
10783 
76320 
10784 
76321 
10785 
76322 
10786 
76323 
10787 
76324 
76325 
76326 
76327 
76328 
76329 
76330 
76331 
76332 
76333 
76334 
76335 
76336 
76337 
76338 
76339 
76340 
76341 
76342 
76343 
76344 
76345 
76346 
76347 
76348 
76349 
76350 
76351 
76352 
76353 
76354 
76355 
76356 
76357 
76358 
76359 
76360 
76361 
76362 
76363 
76364 
76365 
76366 
76367 
76368 
76369 
76370 
76371 
76372 
76373 
76374 
76375 
76376 
76377 
76378 
76379 
76380 
76381 
76382 
76383 
76384 
76385 
76386 
76387 
76388 
76389 
76390 
76391 
76392 
76393 
76394 
76395 
76396 
76397 
76398 
76399 
76400 
76401 
76402 
76403 
76404 
76405 
76406 
76407 
76408 
76409 
76410 
76411 
76412 
76413 
76414 
76415 
76416 
76417 
76418 
76419 
76420 
76421 
76422 
76423 
76424 
76425 
76426 
76427 
76428 
76429 
76430 
76431 
76432 
76433 
76434 
76435 
76436 
76437 
76438 
76439 
76440 
76441 
76442 
76443 
76444 
76445 
76446 
76447 
76448 
76449 
76450 
76451 
76452 
76453 
76454 
76455 
76456 
76457 
76458 
76459 
76460 
76461 
76462 
76463 
76464 
76465 
76466 
76467 
76468 
76469 
76470 
76471 
76472 
76473 
76474 
76475 
76476 
76477 
76478 
76479 
76480 
76481 
76482 
76483 
76484 
76485 
76486 
76487 
76488 
76489 
76490 
76491 
76492 
76493 
76494 
76495 
76496 
76497 
76498 
76499 
76500 
76501 
76502 
76503 
76504 
76505 
76506 
76507 
76508 
76509 
76510 
76511 
76512 
76513 
76514 
76515 
76516 
76517 
76518 
76519 
76520 
76521 
76522 
76523 
76524 
76525 
76526 
76527 
76528 
76529 
76530 
76531 
76532 
76533 
76534 
76535 
76536 
76537 
76538 
76539 
76540 
76541 
76542 
76543 
76544 
76545 
76546 
76547 
76548 
76549 
76550 
76551 
76552 
76553 
76554 
76555 
76556 
76557 
76558 
76559 
76560 
76561 
76562 
76563 
76564 
76565 
76566 
76567 
76568 
76569 
76570 
76571 
76572 
76573 
76574 
76575 
76576 
76577 
76578 
76579 
76580 
76581 
76582 
76583 
76584 
76585 
76586 
76587 
76588 
76589 
76590 
76591 
76592 
76593 
76594 
76595 
76596 
76597 
76598 
76599 
76600 
76601 
76602 
76603 
76604 
76605 
76606 
76607 
76608 
76609 
76610 
76611 
76612 
76613 
76614 
76615 
76616 
76617 
76618 
76619 
76620 
76621 
76622 
76623 
76624 
76625 
76626 
76627 
76628 
76629 
76630 
76631 
76632 
76633 
76634 
76635 
76636 
76637 
76638 
76639 
76640 
76641 
76642 
76643 
76644 
76645 
76646 
76647 
76648 
76649 
76650 
76651 
76652 
76653 
76654 
76655 
76656 
76657 
76658 
76659 
76660 
76661 
76662 
76663 
76664 
76665 
76666 
76667 
76668 
76669 
76670 
76671 
76672 
76673 
76674 
76675 
76676 
76677 
76678 
76679 
76680 
76681 
76682 
76683 
76684 
76685 
76686 
76687 
76688 
76689 
76690 
76691 
76692 
76693 
76694 
76695 
76696 
76697 
76698 
76699 
76700 
76701 
76702 
76703 
76704 
76705 
76706 
76707 
76708 
76709 
76710 
76711 
76712 
76713 
76714 
76715 
76716 
76717 
76718 
76719 
76720 
76721 
76722 
76723 
76724 
76725 
76726 
76727 
76728 
76729 
76730 
76731 
76732 
76733 
76734 
76735 
76736 
76737 
76738 
76739 
76740 
76741 
76742 
76743 
76744 
76745 
76746 
76747 
76748 
76749 
76750 
76751 
76752 
76753 
76754 
76755 
76756 
76757 
76758 
76759 
76760 
76761 
76762 
76763 
76764 
76765 
76766 
76767 
76768 
76769 
76770 
76771 
76772 
76773 
76774 
76775 
76776 
76777 
76778 
76779 
76780 
76781 
76782 
76783 
76784 
76785 
76786 
76787 
76788 
76789 
76790 
76791 
76792 
76793 
76794 
76795 
76796 
76797 
76798 
76799 
76800 
76801 
76802 
76803 
76804 
76805 
76806 
76807 
76808 
76809 
76810 
76811 
76812 
76813 
76814 
76815 
76816 
76817 
76818 
76819 
76820 
76821 
76822 
76823 
76824 
76825 
76826 
76827 
76828 
76829 
76830 
76831 
76832 
76833 
76834 
76835 
76836 
76837 
76838 
76839 
76840 
76841 
76842 
76843 
76844 
76845 
76846 
76847 
76848 
76849 
76850 
76851 
76852 
76853 
76854 
76855 
76856 
76857 
76858 
76859 
76860 
76861 
76862 
76863 
76864 
76865 
76866 
76867 
76868 
76869 
76870 
76871 
76872 
76873 
76874 
76875 
76876 
76877 
76878 
76879 
76880 
76881 
76882 
76883 
76884 
76885 
76886 
76887 
76888 
76889 
76890 
76891 
76892 
76893 
76894 
76895 
76896 
76897 
76898 
76899 
76900 
76901 
76902 
76903 
76904 
76905 
76906 
76907 
76908 
76909 
76910 
76911 
76912 
76913 
76914 
76915 
76916 
76917 
76918 
76919 
76920 
76921 
76922 
76923 
76924 
76925 
76926 
76927 
76928 
76929 
76930 
76931 
76932 
76933 
76934 
76935 
76936 
76937 
76938 
76939 
76940 
76941 
76942 
76943 
76944 
76945 
76946 
76947 
76948 
76949 
76950 
76951 
76952 
76953 
76954 
76955 
76956 
76957 
76958 
76959 
76960 
76961 
76962 
76963 
76964 
76965 
76966 
76967 
76968 
76969 
76970 
76971 
76972 
76973 
76974 
76975 
76976 
76977 
76978 
76979 
76980 
76981 
76982 
76983 
76984 
76985 
76986 
76987 
76988 
76989 
76990 
76991 
76992 
76993 
76994 
76995 
76996 
76997 
76998 
76999 
77000 
77001 
77002 
77003 
77004 
77005 
77006 
77007 
77008 
77009 
77010 
77011 
77012 
77013 
77014 
77015 
77016 
77017 
77018 
77019 
77020 
77021 
77022 
77023 
77024 
77025 
77026 
77027 
77028 
77029 
77030 
77031 
77032 
77033 
77034 
77035 
77036 
77037 
77038 
77039 
77040 
77041 
77042 
77043 
77044 
77045 
77046 
77047 
77048 
77049 
77050 
77051 
77052 
77053 
77054 
77055 
77056 
77057 
77058 
77059 
77060 
77061 
77062 
77063 
77064 
77065 
77066 
77067 
77068 
77069 
77070 
77071 
77072 
77073 
77074 
77075 
77076 
77077 
77078 
77079 
77080 
77081 
77082 
77083 
77084 
77085 
77086 
77087 
77088 
77089 
77090 
77091 
77092 
77093 
77094 
77095 
77096 
77097 
77098 
77099 
77100 
77101 
77102 
77103 
77104 
77105 
77106 
77107 
77108 
77109 
77110 
77111 
77112 
77113 
77114 
77115 
77116 
77117 
77118 
77119 
77120 
77121 
77122 
77123 
77124 
77125 
77126 
77127 
77128 
77129 
77130 
77131 
77132 
77133 
77134 
77135 
77136 
77137 
77138 
77139 
77140 
77141 
77142 
77143 
77144 
77145 
77146 
77147 
77148 
77149 
77150 
77151 
77152 
77153 
77154 
77155 
77156 
77157 
77158 
77159 
77160 
77161 
77162 
77163 
77164 
77165 
77166 
77167 
77168 
77169 
77170 
77171 
77172 
77173 
77174 
77175 
77176 
77177 
77178 
77179 
77180 
77181 
77182 
77183 
77184 
77185 
77186 
77187 
77188 
77189 
77190 
77191 
77192 
77193 
77194 
77195 
77196 
77197 
77198 
77199 
77200 
77201 
77202 
77203 
77204 
77205 
77206 
77207 
77208 
77209 
77210 
77211 
77212 
77213 
77214 
77215 
77216 
77217 
77218 
77219 
77220 
77221 
77222 
77223 
77224 
77225 
77226 
77227 
77228 
77229 
77230 
77231 
77232 
77233 
77234 
77235 
77236 
77237 
77238 
77239 
77240 
77241 
77242 
77243 
77244 
77245 
77246 
77247 
77248 
77249 
77250 
77251 
77252 
77253 
77254 
77255 
77256 
77257 
77258 
77259 
77260 
77261 
77262 
77263 
77264 
77265 
77266 
77267 
77268 
77269 
77270 
77271 
77272 
77273 
77274 
77275 
77276 
77277 
77278 
77279 
77280 
77281 
77282 
77283 
77284 
77285 
77286 
77287 
77288 
77289 
77290 
77291 
77292 
77293 
77294 
77295 
77296 
77297 
77298 
77299 
77300 
77301 
77302 
77303 
77304 
77305 
77306 
77307 
77308 
77309 
77310 
77311 
77312 
77313 
77314 
77315 
77316 
77317 
77318 
77319 
77320 
77321 
77322 
77323 
77324 
77325 
77326 
77327 
77328 
77329 
77330 
77331 
77332 
77333 
77334 
77335 
77336 
77337 
77338 
77339 
77340 
77341 
77342 
77343 
77344 
77345 
77346 
77347 
77348 
77349 
77350 
77351 
77352 
77353 
77354 
77355 
77356 
77357 
77358 
77359 
77360 
77361 
77362 
77363 
77364 
77365 
77366 
77367 
77368 
77369 
77370 
77371 
77372 
77373 
77374 
77375 
77376 
77377 
77378 
77379 
77380 
77381 
77382 
77383 
77384 
77385 
77386 
77387 
77388 
77389 
77390 
77391 
77392 
77393 
77394 
77395 
77396 
77397 
77398 
77399 
77400 
77401 
77402 
77403 
77404 
77405 
77406 
77407 
77408 
77409 
77410 
77411 
77412 
77413 
77414 
77415 
77416 
77417 
77418 
77419 
77420 
77421 
77422 
77423 
77424 
77425 
77426 
77427 
77428 
77429 
77430 
77431 
77432 
77433 
77434 
77435 
77436 
77437 
77438 
77439 
77440 
77441 
77442 
77443 
77444 
77445 
77446 
77447 
77448 
77449 
77450 
77451 
77452 
77453 
77454 
77455 
77456 
77457 
77458 
77459 
77460 
77461 
77462 
77463 
77464 
77465 
77466 
77467 
77468 
77469 
77470 
77471 
77472 
77473 
77474 
77475 
77476 
77477 
77478 
77479 
77480 
77481 
77482 
77483 
77484 
77485 
77486 
77487 
77488 
77489 
77490 
77491 
77492 
77493 
77494 
77495 
77496 
77497 
77498 
77499 
77500 
77501 
77502 
77503 
77504 
77505 
77506 
77507 
77508 
77509 
77510 
77511 
77512 
77513 
77514 
77515 
77516 
77517 
77518 
77519 
77520 
77521 
77522 
77523 
77524 
77525 
77526 
77527 
77528 
77529 
77530 
77531 
77532 
77533 
77534 
77535 
77536 
77537 
77538 
77539 
77540 
77541 
77542 
77543 
77544 
77545 
77546 
77547 
77548 
77549 
77550 
77551 
77552 
77553 
77554 
77555 
77556 
77557 
77558 
77559 
77560 
77561 
77562 
77563 
77564 
77565 
77566 
77567 
77568 
77569 
77570 
77571 
77572 
77573 
77574 
77575 
77576 
77577 
77578 
77579 
77580 
77581 
77582 
77583 
77584 
77585 
77586 
77587 
77588 
77589 
77590 
77591 
77592 
77593 
77594 
77595 
77596 
77597 
77598 
77599 
77600 
77601 
77602 
77603 
77604 
77605 
77606 
77607 
77608 
77609 
77610 
77611 
77612 
77613 
77614 
77615 
77616 
77617 
77618 
77619 
77620 
77621 
77622 
77623 
77624 
77625 
77626 
77627 
77628 
77629 
77630 
77631 
77632 
77633 
77634 
77635 
77636 
77637 
77638 
77639 
77640 
77641 
77642 
77643 
77644 
77645 
77646 
77647 
77648 
77649 
77650 
77651 
77652 
77653 
77654 
77655 
77656 
77657 
77658 
77659 
77660 
77661 
77662 
77663 
77664 
77665 
77666 
77667 
77668 
77669 
77670 
77671 
77672 
77673 
77674 
77675 
77676 
77677 
77678 
77679 
77680 
77681 
77682 
77683 
77684 
77685 
77686 
77687 
77688 
77689 
77690 
77691 
77692 
77693 
77694 
77695 
77696 
77697 
77698 
77699 
77700 
77701 
77702 
77703 
77704 
77705 
77706 
77707 
77708 
77709 
77710 
77711 
77712 
77713 
77714 
77715 
77716 
77717 
77718 
77719 
77720 
77721 
77722 
77723 
77724 
77725 
77726 
77727 
77728 
77729 
77730 
77731 
77732 
77733 
77734 
77735 
77736 
77737 
77738 
77739 
77740 
77741 
77742 
77743 
77744 
77745 
77746 
77747 
77748 
77749 
77750 
77751 
77752 
77753 
77754 
77755 
77756 
77757 
77758 
77759 
77760 
77761 
77762 
77763 
77764 
77765 
77766 
77767 
77768 
77769 
77770 
77771 
77772 
77773 
77774 
77775 
77776 
77777 
77778 
77779 
77780 
77781 
77782 
77783 
77784 
77785 
77786 
77787 
77788 
77789 
77790 
77791 
77792 
77793 
77794 
77795 
77796 
77797 
77798 
77799 
77800 
77801 
77802 
77803 
77804 
77805 
77806 
77807 
77808 
77809 
77810 
77811 
77812 
77813 
77814 
77815 
77816 
77817 
77818 
77819 
77820 
77821 
77822 
77823 
77824 
77825 
77826 
77827 
77828 
77829 
77830 
77831 
77832 
77833 
77834 
77835 
77836 
77837 
77838 
77839 
77840 
77841 
77842 
77843 
77844 
77845 
77846 
77847 
77848 
77849 
77850 
77851 
77852 
77853 
77854 
77855 
77856 
77857 
77858 
77859 
77860 
77861 
77862 
77863 
77864 
77865 
77866 
77867 
77868 
77869 
77870 
77871 
77872 
77873 
77874 
77875 
77876 
77877 
77878 
77879 
77880 
77881 
77882 
77883 
77884 
77885 
77886 
77887 
77888 
77889 
77890 
77891 
77892 
77893 
77894 
77895 
77896 
77897 
77898 
77899 
77900 
77901 
77902 
77903 
77904 
77905 
77906 
77907 
77908 
77909 
77910 
77911 
77912 
77913 
77914 
77915 
77916 
77917 
77918 
77919 
77920 
77921 
77922 
77923 
77924 
77925 
77926 
77927 
77928 
77929 
77930 
77931 
77932 
77933 
77934 
77935 
77936 
77937 
77938 
77939 
77940 
77941 
77942 
77943 
77944 
77945 
77946 
77947 
77948 
77949 
77950 
77951 
77952 
77953 
77954 
77955 
77956 
77957 
77958 
77959 
77960 
77961 
77962 
77963 
77964 
77965 
77966 
77967 
77968 
77969 
77970 
77971 
77972 
77973 
77974 
77975 
77976 
77977 
77978 
77979 
77980 
77981 
77982 
77983 
77984 
77985 
77986 
77987 
77988 
77989 
77990 
77991 
77992 
77993 
77994 
77995 
77996 
77997 
77998 
77999 
78000 
78001 
78002 
78003 
78004 
78005 
78006 
78007 
78008 
78009 
78010 
78011 
78012 
78013 
78014 
78015 
78016 
78017 
78018 
78019 
78020 
78021 
78022 
78023 
78024 
78025 
78026 
78027 
78028 
78029 
78030 
78031 
78032 
78033 
78034 
78035 
78036 
78037 
78038 
78039 
78040 
78041 
78042 
78043 
78044 
78045 
78046 
78047 
78048 
78049 
78050 
78051 
78052 
78053 
78054 
78055 
78056 
78057 
78058 
78059 
78060 
78061 
78062 
78063 
78064 
78065 
78066 
78067 
78068 
78069 
78070 
78071 
78072 
78073 
78074 
78075 
78076 
78077 
78078 
78079 
78080 
78081 
78082 
78083 
78084 
78085 
78086 
78087 
78088 
78089 
78090 
78091 
29358 
29359 
29360 
29361 
29362 
29363 
29364 
29365 
29366 
29367 
29368 
29369 
29370 
29371 
29372 
29373 
29374 
29375 
29376 
29377 
29378 
29379 
29380 
29381 
29382 
29383 
29384 
29385 
29386 
29387 
29388 
29389 
29390 
29391 
29392 
29393 
29394 
29395 
29396 
29397 
29398 
29399 
29400 
29401 
29402 
29403 
29404 
29405 
29406 
29407 
29408 
29409 
29410 
29411 
29412 
29413 
29708 
29709 
29710 
29711 
29712 
29713 
29714 
29715 
29716 
29717 
29718 
29719 
29720 
29721 
29722 
29723 
29724 
29725 
29726 
29727 
29728 
29729 
29730 
29731 
29732 
29733 
29734 
29735 
29736 
29737 
29738 
29739 
29740 
29741 
29742 
29743 
29744 
29745 
29746 
29747 
29748 
29749 
29750 
29751 
29752 
29753 
29754 
29755 
29756 
29764 
29765 
29766 
29767 
29768 
29769 
29770 
30660 
30661 
30662 
30663 
30664 
30665 
30666 
30737 
30738 
30739 
30740 
30741 
30742 
30743 
30772 
30773 
30774 
30775 
30776 
30777 
30778 
30779 
30780 
30781 
30782 
30783 
30784 
30785 
30821 
30822 
30823 
30824 
30825 
30826 
30827 
30828 
30829 
30830 
30831 
30832 
30833 
30834 
30870 
30871 
30872 
30873 
30874 
30875 
30876 
30877 
30878 
30879 
30880 
30881 
30882 
30883 
30919 
30920 
30921 
30922 
30923 
30924 
30925 
30926 
30927 
30928 
30929 
30930 
30931 
30932 
30968 
30969 
30970 
30971 
30972 
30973 
30974 
30975 
30976 
30977 
30978 
30979 
30980 
30981 
31017 
31018 
31019 
31020 
31021 
31022 
31023 
31024 
31025 
31026 
31027 
31028 
31029 
31030 
31115 
31116 
31117 
31118 
31119 
31120 
31121 
31129 
31130 
31131 
31132 
31133 
31134 
31135 
31206 
31207 
31208 
31209 
31210 
31211 
31212 
31234 
31235 
31236 
31237 
31238 
31239 
31240 
31241 
31242 
31243 
31244 
31245 
31246 
31247 
31283 
31284 
31285 
31286 
31287 
31288 
31289 
31291 
31293 
31295 
31339 
31340 
31341 
31342 
31343 
31344 
31345 
31347 
31349 
31351 
31395 
31396 
31397 
31398 
31399 
31400 
31401 
31403 
31405 
31407 
31451 
31452 
31453 
31454 
31455 
31456 
31457 
31500 
31501 
31502 
31503 
31504 
31505 
31506 
31507 
31508 
31509 
31510 
31511 
31512 
31513 
31591 
31592 
31593 
31594 
31595 
31596 
31597 
31605 
31606 
31607 
31608 
31609 
31610 
31611 
31682 
31683 
31684 
31685 
31686 
31687 
31688 
31717 
31718 
31719 
31720 
31721 
31722 
31723 
31724 
31725 
31726 
31727 
31728 
31729 
31730 
31766 
31767 
31768 
31769 
31770 
31771 
31772 
31774 
31776 
31778 
31864 
31865 
31866 
31867 
31868 
31869 
31870 
31872 
31874 
31876 
31920 
31921 
31922 
31923 
31924 
31925 
31926 
31969 
31970 
31971 
31972 
31973 
31974 
31975 
31976 
31977 
31978 
31979 
31980 
31981 
31982 
48398 
48399 
48400 
48401 
48402 
48403 
48404 
48426 
48427 
48428 
48429 
48430 
48431 
48432 
32060 
32061 
32062 
32063 
32064 
32065 
32066 
48475 
48476 
48477 
48478 
48479 
48480 
48481 
48524 
48525 
48526 
48527 
48528 
48529 
48530 
48573 
48574 
48575 
48576 
48577 
48578 
48579 
48622 
48623 
48624 
48625 
48626 
48627 
48628 
48671 
48672 
48673 
48674 
48675 
48676 
48677 
48720 
48721 
48722 
48723 
48724 
48725 
48726 
48769 
48770 
48771 
48772 
48773 
48774 
48775 
)

// ************************************************************************* //
